frame_001079 1 -12.170800900977966 87.6300145411 172.82919909902205 245.6300145411
frame_001080 1 -11.941149667701652 86.71049359813051 190.05885033229833 244.7104935981305
frame_001081 1 -9.958636974561955 84.99789146598602 207.04136302543805 243.99789146598602
frame_001082 1 0.7478580917211985 84.4712990384264 225.74785809172118 243.4712990384264
frame_001083 1 17.727645900664953 84.82491920205061 241.72764590066495 242.8249192020506
frame_001084 1 36.13131266101746 85.55725548623394 257.13131266101743 242.55725548623394
frame_001085 1 54.016044956391255 85.4482289521194 271.0160449563913 241.4482289521194
frame_001086 1 71.90557866917862 84.51075437632468 286.9055786691786 240.51075437632468
frame_001087 1 89.98915282347588 84.26549501110131 302.9891528234759 240.2654950111013
frame_001088 1 110.5604415417902 85.13662285973768 319.56044154179017 241.13662285973768
frame_001089 1 130.51604054859868 86.56525541641821 336.51604054859865 241.5652554164182
frame_001090 1 149.24946980080875 87.8558199163956 353.24946980080875 239.8558199163956
frame_001091 1 169.67215926406283 88.84366296004933 371.6721592640628 236.84366296004933
frame_001092 1 187.09407042705772 89.57715223518497 390.0940704270577 235.57715223518497
frame_001093 1 205.56123951231365 88.8851821677172 405.56123951231365 236.8851821677172
frame_001094 1 221.77745668864344 88.71395239318434 420.77745668864344 237.71395239318434
frame_001095 1 236.68118883131837 88.29240788716177 436.68118883131837 237.29240788716177
frame_001096 1 252.18314548065626 87.81070397609412 452.18314548065626 236.81070397609412
frame_001097 1 268.3227323068905 88.0874430859881 469.3227323068905 236.0874430859881
frame_001098 1 284.60693756632475 86.79667786817592 488.60693756632475 234.79667786817592
frame_001099 1 304.9853836286837 93.06230136359551 508.9853836286837 216.0623013635955
frame_001100 1 321.5566416222919 92.13868423825386 527.5566416222919 218.13868423825386
frame_001101 1 338.98058590272717 92.05753823743626 544.9805859027272 219.05753823743626
frame_001102 1 355.97908164378777 87.01899056473377 564.9790816437878 238.01899056473377
frame_001103 1 373.32738171423694 88.62740873472984 586.3273817142369 238.62740873472984
frame_001104 1 389.48625132882376 89.90542160108879 605.4862513288238 241.9054216010888
frame_001105 1 405.8266713349283 91.47973520582494 623.8266713349283 243.47973520582494
frame_001106 1 421.81581715058405 92.28663811992135 639.815817150584 245.28663811992135
frame_001107 1 441.5760315475618 92.18311051264789 643.5760315475618 246.1831105126479
frame_001108 1 458.90231201484187 91.80232340077825 645.9023120148419 246.80232340077825
frame_002246 1 -13.755867924528303 89.97832704402512 184.2441320754717 259.97832704402515
frame_002247 1 -12.970753578203144 90.21470943266081 200.02924642179687 259.2147094326608
frame_002248 1 -12.69081101602417 89.65880485734323 217.30918898397584 257.6588048573432
frame_002249 1 -10.944801186707295 89.33950580411366 235.0551988132927 256.3395058041136
frame_002250 1 -4.340494509598869 88.6901869973357 259.6595054904011 254.6901869973357
frame_002251 1 5.118107577060044 89.67898808792827 284.1181075770601 251.67898808792827
frame_002252 1 15.27535326763038 90.15707271499437 311.2753532676304 252.15707271499437
frame_002253 1 24.94634353609308 88.86621637726893 336.9463435360931 251.86621637726893
frame_002254 1 84.6834067950767 88.74450113287156 321.68340679507673 251.74450113287156
frame_002255 1 106.05247776089075 89.61393560055126 339.0524777608907 251.61393560055126
frame_002256 1 126.16073366496443 90.66265624397471 357.1607336649644 250.6626562439747
frame_002257 1 146.5044696233225 92.36810700278235 374.5044696233225 248.36810700278235
frame_002258 1 166.62136426099204 92.23878558761982 392.62136426099204 247.23878558761982
frame_002259 1 185.9065242040994 92.02575374327662 410.9065242040994 246.02575374327662
frame_002260 1 204.82695266378045 90.39193411809603 429.82695266378045 245.39193411809603
frame_002261 1 222.33615060940218 89.76438866318435 446.3361506094022 244.76438866318435
frame_002262 1 239.5442647067763 89.52473571267907 463.5442647067763 244.52473571267907
frame_002263 1 256.54507171754324 89.28104695353682 482.54507171754324 243.28104695353682
frame_002264 1 276.84401271243377 91.49692412850308 503.84401271243377 245.49692412850308
frame_002265 1 295.9200332747836 92.76012880935403 524.9200332747836 245.76012880935403
frame_002266 1 314.14425204594147 92.90235093018626 543.1442520459415 245.90235093018626
frame_002267 1 332.5321226288917 92.49232987916213 563.5321226288918 247.49232987916213
frame_002268 1 351.27159314627545 91.04814315007272 584.2715931462754 247.04814315007272
frame_002269 1 369.80359309243937 91.05755913510373 605.8035930924393 247.05755913510373
frame_002270 1 385.77544032418723 91.26840532464004 625.7754403241872 249.26840532464004
frame_002271 1 406.0056751906684 92.20044302377747 640.0056751906684 249.20044302377747
frame_002272 1 425.60198217419736 93.22803032910056 642.6019821741974 249.22803032910056
frame_002273 1 443.8273589498549 92.05657031921479 644.8273589498549 250.05657031921479
frame_002274 1 460.6630692683051 90.31857600583257 645.6630692683051 251.31857600583257
frame_002361 1 474.72754171706526 78.01238831011744 641.7275417170653 183.01238831011744
frame_002362 1 459.5190099347743 77.54321692455082 625.5190099347743 182.54321692455082
frame_002363 1 444.8425126206831 78.58032378580324 608.8425126206831 180.58032378580324
frame_002364 1 428.9071681657127 79.27654674298174 591.9071681657126 179.27654674298174
frame_002365 1 414.6479243081027 79.22024008002668 573.6479243081027 178.22024008002668
frame_002366 1 399.2981237457724 79.06411119998876 557.2981237457724 178.06411119998876
frame_002367 1 386.2362362783907 79.49258822538533 539.2362362783907 178.49258822538533
frame_002368 1 372.3391908061329 80.50545398892507 525.3391908061328 178.50545398892507
frame_002369 1 358.7484539270253 80.35197054028222 508.7484539270253 179.35197054028222
frame_002370 1 343.70690623639604 80.24039825307887 492.70690623639604 180.24039825307887
frame_002371 1 328.2317741255794 80.73905042843094 477.2317741255794 180.73905042843094
frame_002372 1 313.9324652925043 80.19576158565894 461.9324652925043 182.19576158565894
frame_002373 1 298.8192351114874 79.4684024837708 446.8192351114874 183.4684024837708
frame_002374 1 284.1817951639448 78.87736844326287 432.1817951639448 184.87736844326287
frame_002375 1 269.4774725582437 78.52457157258064 417.4774725582437 185.52457157258064
frame_002376 1 255.1290021975576 78.08509277031348 403.1290021975576 186.08509277031348
frame_002377 1 240.0083660458253 77.62447451209667 389.0083660458253 186.62447451209667
frame_002378 1 225.25758350374917 78.36450522608499 373.2575835037492 185.364505226085
frame_002379 1 211.0318860635415 78.68462780372482 357.0318860635415 183.68462780372482
frame_002380 1 195.21405257329366 79.72033280876607 341.21405257329366 181.72033280876607
frame_002381 1 179.20166213626842 81.61613415920263 326.2016621362684 179.61613415920263
frame_002382 1 161.58820826952527 82.07069204404578 310.58820826952524 178.07069204404578
frame_002383 1 145.43679501283458 82.96903557022367 296.4367950128346 178.96903557022367
frame_002384 1 128.97517669367352 81.70016663793598 280.9751766936735 180.70016663793598
frame_002385 1 110.83753030366725 79.13182971090652 266.8375303036672 184.13182971090652
frame_002386 1 94.6532840854344 76.01757132915796 251.6532840854344 190.01757132915796
frame_002387 1 79.04151177199503 74.10122366790583 238.04151177199503 194.10122366790583
frame_002388 1 62.874239838169274 73.42696757064289 224.87423983816927 195.4269675706429
frame_002389 1 47.68398284588724 73.32555414266835 210.68398284588724 195.32555414266835
frame_002390 1 31.679963269054184 71.59787572696663 195.67996326905418 194.59787572696663
frame_002391 1 15.844158690728435 72.16269696305497 180.84415869072842 191.16269696305497
frame_002392 1 2.9212173434339803 70.62399621824099 162.92121734343397 193.623996218241
frame_003401 1 -10.359322179322191 96.27698841698842 180.6406778206778 232.27698841698842
frame_003402 1 5.723340057587194 95.4312832979879 200.7233400575872 232.4312832979879
frame_003403 1 25.27523760152063 96.85424226715048 218.27523760152064 231.85424226715048
frame_003404 1 44.2374165518703 97.23421991452085 234.2374165518703 230.23421991452085
frame_003405 1 62.65057415926677 96.81099104882136 250.65057415926677 230.81099104882136
frame_003406 1 83.77989422439003 95.26110316859624 268.77989422439003 229.26110316859624
frame_003407 1 103.11075534584128 95.16831442160054 286.1107553458413 230.16831442160054
frame_003408 1 123.91376786132585 95.64340790192861 302.9137678613258 228.6434079019286
frame_003409 1 146.16676277430722 102.79196967270008 321.16676277430724 210.79196967270008
frame_003410 1 165.12519770339074 102.96919077023074 339.12519770339077 210.96919077023074
frame_003411 1 183.34036250119453 96.6104917232079 357.34036250119453 221.6104917232079
frame_003412 1 200.9725771430957 97.77795523821453 375.9725771430957 223.77795523821453
frame_003413 1 219.97541934472486 98.61828395255262 393.97541934472486 225.61828395255262
frame_003414 1 237.46082833563992 99.3440668409452 410.4608283356399 227.3440668409452
frame_003415 1 254.0634857723577 99.48731707317074 430.0634857723577 227.48731707317074
frame_003416 1 273.52688884471826 105.44478676649217 448.52688884471826 212.44478676649217
frame_003417 1 292.372430036021 106.5660792463286 467.372430036021 211.5660792463286
frame_003418 1 310.3697477144866 106.67460003516172 487.3697477144866 211.67460003516172
frame_003419 1 329.51032376628285 105.63372790659963 506.51032376628285 213.63372790659963
frame_003420 1 348.1937931181557 104.65684079204121 525.1937931181558 215.6568407920412
frame_003421 1 362.5855466840476 104.46410841344846 541.5855466840476 217.46410841344846
frame_003422 1 379.5898365793597 103.92918065815985 563.5898365793597 218.92918065815985
frame_003423 1 397.0924676232283 103.1339077070912 584.0924676232282 221.1339077070912
frame_003424 1 415.84198643438657 100.86889284313443 605.8419864343866 225.86889284313443
frame_003425 1 433.8982859216661 100.66888603519348 624.8982859216661 229.66888603519348
frame_003426 1 452.55729349736384 100.85262043170653 639.5572934973638 233.85262043170653
frame_003427 1 473.03975333576443 101.72267571787893 642.0397533357644 235.72267571787893
frame_004822 1 461.808441982355 74.68830321004233 645.808441982355 210.68830321004233
frame_004823 1 444.1534236353159 73.95169882966363 625.1534236353159 210.95169882966363
frame_004824 1 427.47874912788745 73.69175005495501 605.4787491278875 210.691750054955
frame_004825 1 411.3593207782586 73.6229286076344 585.3593207782586 210.6229286076344
frame_004826 1 395.65401745410776 71.85874210051159 565.6540174541078 208.8587421005116
frame_004827 1 378.93253298517124 71.53078262161787 544.9325329851713 206.53078262161787
frame_004828 1 362.3591443077773 73.13911371699274 526.3591443077773 205.13911371699274
frame_004829 1 344.5951614668856 75.22945812807882 506.5951614668856 201.22945812807882
frame_004830 1 326.7958314115657 75.91327886494915 487.7958314115657 201.91327886494915
frame_004831 1 309.1764877385079 77.06868811212973 471.1764877385079 203.06868811212973
frame_004832 1 291.7619824810138 76.13746469275827 452.7619824810138 203.13746469275827
frame_004833 1 275.9970699873477 76.72699829082592 435.9970699873477 203.72699829082592
frame_004834 1 260.5289545904025 76.33243336333231 419.5289545904025 204.3324333633323
frame_004835 1 244.6866758534153 76.14936869111239 402.6866758534153 203.1493686911124
frame_004836 1 228.11717525372143 75.18413254156226 386.1171752537214 203.18413254156226
frame_004837 1 212.43763340371277 74.60188293932367 368.43763340371277 202.60188293932367
frame_004838 1 196.26607505881816 74.2265355535759 351.26607505881816 202.2265355535759
frame_004839 1 178.72137883008355 73.46429897864436 335.72137883008355 200.46429897864436
frame_004840 1 161.03188849710912 72.02563782930275 319.0318884971091 199.02563782930275
frame_004841 1 142.5992377495463 70.75305505142165 303.5992377495463 197.75305505142165
frame_004842 1 123.73576460056069 71.47838480929158 286.7357646005607 198.47838480929158
frame_004843 1 106.16128626913411 72.52748457847841 271.1612862691341 198.5274845784784
frame_004844 1 90.18192398918859 73.5350102046445 257.1819239891886 199.5350102046445
frame_004845 1 74.18120889822623 72.95416844478001 243.18120889822623 199.95416844478
frame_004846 1 57.53454819080022 71.42410957709001 228.53454819080022 199.42410957709
frame_004847 1 42.8024183006536 70.76338779956427 212.80241830065358 199.76338779956427
frame_004848 1 27.048787589131692 70.36821143302899 198.04878758913168 199.368211433029
frame_004849 1 9.305642633228842 72.06149479149835 182.30564263322884 201.06149479149835
frame_004850 1 3.6725625635694996 71.33363511383831 160.6725625635695 201.3336351138383
frame_006962 1 -5.467330177610563 104.8160577740017 176.53266982238944 230.8160577740017
frame_006963 1 7.796546422884745 106.29292263767636 188.79654642288475 232.29292263767636
frame_006964 1 26.36201937632454 105.78961766359586 204.36201937632455 231.78961766359586
frame_006965 1 43.760236232939604 107.08206930766224 218.7602362329396 231.08206930766224
frame_006966 1 59.27341159411017 107.40237661132969 233.27341159411017 230.4023766113297
frame_006967 1 75.81387922927189 105.86152483432846 245.8138792292719 230.86152483432846
frame_006968 1 92.67614258576376 105.4270644764778 260.6761425857637 230.4270644764778
frame_006969 1 108.98002103049421 104.95078407168654 274.9800210304942 228.95078407168654
frame_006970 1 125.29345709314251 105.40346389186573 288.2934570931425 227.40346389186573
frame_006971 1 141.91883054433544 104.18597326408923 302.91883054433544 225.18597326408923
frame_006972 1 158.8639896373057 103.9474586725882 317.86398963730574 223.9474586725882
frame_006973 1 176.57982090473985 104.87124954968863 333.57982090473985 219.87124954968863
frame_006974 1 192.48591305208947 106.51908793820559 348.4859130520895 223.5190879382056
frame_006975 1 207.49018880522277 108.39545235357394 363.4901888052228 224.39545235357394
frame_006976 1 221.76485561197865 107.65784684306311 377.76485561197865 225.6578468430631
frame_006977 1 237.7124855156431 107.84612784859016 393.7124855156431 227.84612784859016
frame_006978 1 253.53988940114465 106.86568410353215 407.53988940114465 228.86568410353215
frame_006979 1 268.95068259795096 106.99145852827561 422.95068259795096 229.99145852827561
frame_006980 1 283.137782345714 107.05462621680368 438.137782345714 231.05462621680368
frame_006981 1 297.12506245984724 105.9351250386656 452.12506245984724 229.9351250386656
frame_006982 1 311.92254172140315 105.0692477983749 467.92254172140315 229.0692477983749
frame_006983 1 329.0644547151141 105.37742832450306 485.0644547151141 228.37742832450306
frame_006984 1 346.1705171822665 112.3000764828441 503.1705171822665 216.3000764828441
frame_006985 1 361.8870400965043 111.64512364618571 519.8870400965043 218.6451236461857
frame_006986 1 371.3398047952471 112.02406906429027 532.3398047952471 220.02406906429027
frame_006987 1 387.05702181218936 111.50749996756068 552.0570218121893 224.50749996756068
frame_006988 1 400.62244585597307 110.79902298410752 567.6224458559731 226.79902298410752
frame_006989 1 416.0856702522488 111.94013964899037 585.0856702522487 229.94013964899037
frame_006990 1 432.2219594632912 111.70141889822722 603.2219594632912 229.70141889822722
frame_006991 1 444.78598786751684 111.01413611406304 618.7859878675168 233.01413611406304
frame_006992 1 459.8530652206657 110.16693564004905 635.8530652206657 235.16693564004905
frame_007953 1 -12.6873010697595 86.63851755243994 176.31269893024051 235.63851755243994
frame_007954 1 -12.139769046613154 85.7561648099971 186.86023095338686 235.7561648099971
frame_007955 1 -9.183318129823505 85.3825854654446 199.8166818701765 235.3825854654446
frame_007956 1 -2.574757449757456 84.79913086163086 211.42524255024256 235.79913086163086
frame_007957 1 8.856601021152429 84.67457330415755 220.85660102115241 235.67457330415755
frame_007958 1 19.548581818717196 85.16428524105032 229.5485818187172 235.16428524105032
frame_007959 1 29.657977281383722 87.06932090605605 238.65797728138372 233.06932090605605
frame_007960 1 40.015569421836375 88.45331434255743 246.01556942183637 232.45331434255743
frame_007961 1 50.99510351801587 87.89857667480211 254.99510351801587 232.89857667480211
frame_007962 1 61.8178576358533 87.26089357198731 263.81785763585333 233.2608935719873
frame_007963 1 72.91853192890059 86.94122072792251 272.9185319289006 232.9412207279225
frame_007964 1 82.86089512611417 86.89856343637399 281.8608951261142 232.898563436374
frame_007965 1 94.07864915330629 86.44205942952803 290.0786491533063 232.44205942952803
frame_007966 1 103.95144178674818 86.71495803211877 298.9514417867482 231.71495803211877
frame_007967 1 114.1865543749694 86.65523347859437 307.18655437496943 230.65523347859437
frame_007968 1 124.18806420081646 86.9242872280131 315.1880642008165 229.9242872280131
frame_007969 1 134.99024148752284 85.37308899293492 323.99024148752284 229.37308899293492
frame_007970 1 147.52907925567314 93.82287592425442 335.52907925567314 210.82287592425442
frame_007971 1 156.21892012955686 85.72127179381158 343.21892012955686 227.72127179381158
frame_007972 1 166.28076149202911 86.61081016010593 351.2807614920291 227.61081016010593
frame_007973 1 175.64861454536185 88.26025814236064 360.64861454536185 228.26025814236064
frame_007974 1 184.6828371922087 88.09583942292076 368.6828371922087 229.09583942292076
frame_007975 1 194.1833165237855 88.8068246764162 377.1833165237855 230.8068246764162
frame_007976 1 203.0416743792474 87.49337158773389 385.0416743792474 228.4933715877339
frame_007977 1 211.74821896280775 88.086066003143 392.74821896280775 229.086066003143
frame_007978 1 219.50974780587643 87.651880181774 400.50974780587643 230.651880181774
frame_007979 1 227.2664606916606 87.53632256724478 408.2664606916606 231.53632256724478
frame_007980 1 234.2176363760965 88.18600945723685 415.2176363760965 232.18600945723685
frame_007981 1 241.19678168518658 88.63794170247752 422.1967816851866 232.63794170247752
frame_007982 1 248.40033403833888 88.28591331789033 429.4003340383389 233.28591331789033
frame_007983 1 255.4582517774989 88.45139272271015 436.4582517774989 233.45139272271015
frame_007984 1 264.21390120180314 93.45129262072146 445.21390120180314 213.45129262072146
frame_007985 1 270.5313404871402 93.82886693540755 452.5313404871402 212.82886693540755
frame_007986 1 277.7404067899134 94.98004801330762 459.7404067899134 211.98004801330762
frame_007987 1 284.67409208269726 94.67170803414936 467.67409208269726 212.67170803414936
frame_007988 1 291.5296747853283 95.3629004316843 474.5296747853283 212.3629004316843
frame_007989 1 297.7329254727475 95.64603262884685 482.7329254727475 212.64603262884685
frame_007990 1 304.8911145636814 95.50321828875818 489.8911145636814 213.50321828875818
frame_007991 1 311.4534893369845 94.87826736370425 497.4534893369845 214.87826736370425
frame_007992 1 318.3919650157558 94.69216529320434 504.3919650157558 215.69216529320434
frame_007993 1 324.3916011074258 94.65159946273403 512.3916011074258 216.65159946273403
frame_007994 1 330.6200584986556 94.54770728871446 519.6200584986557 217.54770728871446
frame_007995 1 336.98655540733074 94.4135108400715 525.9865554073308 218.4135108400715
frame_007996 1 343.3062700817038 94.18370513173596 529.3062700817038 219.18370513173596
frame_007997 1 346.9489135460009 95.3458529819695 539.9489135460009 219.3458529819695
frame_007998 1 353.7114089649731 95.21311535568154 546.7114089649731 220.21311535568154
frame_007999 1 358.49186725615414 95.3816931390208 554.4918672561541 221.3816931390208
frame_008000 1 363.7054395797796 95.56219370210923 561.7054395797795 222.56219370210923
frame_008001 1 369.76164384785073 93.84020577124025 568.7616438478508 225.84020577124025
frame_008002 1 375.9793309616803 94.44040600044781 576.9793309616803 234.4404060004478
frame_008003 1 381.44350998651123 95.09967822144216 584.4435099865112 237.09967822144216
frame_008004 1 388.05880458892835 95.99483626302859 591.0588045889283 238.9948362630286
frame_008005 1 394.0493589595864 97.0486522403767 599.0493589595865 240.0486522403767
frame_008006 1 398.3794917922195 97.60617644854207 606.3794917922195 242.60617644854207
frame_008007 1 402.7221584554711 98.30721349108248 613.7221584554711 244.30721349108248
frame_008008 1 408.30126460124734 99.48709472986792 619.3012646012473 245.48709472986792
frame_008009 1 413.26404832127423 99.51444616548903 625.2640483212742 247.51444616548903
frame_008010 1 417.7505751905751 100.5950173250173 631.7505751905751 248.5950173250173
frame_008011 1 422.7130911247664 101.50994144787205 637.7130911247664 249.50994144787205
frame_008012 1 430.49985607369024 102.0083888477671 639.4998560736902 251.0083888477671
frame_008013 1 436.0613927249382 102.41796090644593 641.0613927249382 252.41796090644593
frame_008014 1 442.1437348634962 102.48776695288416 641.1437348634962 253.48776695288416
frame_008015 1 447.20520403771116 102.99824356784825 641.2052040377112 253.99824356784825
frame_008016 1 451.67630065909407 102.98643948955262 641.6763006590941 254.98643948955262
frame_008017 1 455.17913101613783 103.46191705606645 643.1791310161378 255.46191705606645
frame_008018 1 460.40038888526794 103.3401008060136 643.400388885268 256.3401008060136
frame_008019 1 466.2089136284337 103.62413879771725 643.2089136284337 256.62413879771725
frame_008020 1 470.95069954371013 103.88328347384643 643.9506995437101 256.8832834738464
frame_009114 1 -9.91763169278893 95.1725400153073 177.08236830721108 238.1725400153073
frame_009115 1 -3.5943380768632096 95.91903228713511 197.4056619231368 237.9190322871351
frame_009116 1 4.269420805871903 95.32707086521384 218.2694208058719 237.32707086521384
frame_009117 1 34.3654663405665 95.68158401415414 219.3654663405665 235.68158401415414
frame_009118 1 49.889664743706845 97.91478068687078 232.88966474370685 233.91478068687078
frame_009119 1 65.29152092845254 97.36767860162513 245.29152092845254 233.36767860162513
frame_009120 1 81.73672730563851 96.70391890668839 259.7367273056385 233.7039189066884
frame_009121 1 97.57142857142858 95.88909097589652 273.57142857142856 234.88909097589652
frame_009122 1 113.15686330065543 96.44861260648645 288.15686330065546 233.44861260648645
frame_009123 1 128.3458674716113 96.00174404676343 300.3458674716113 232.00174404676343
frame_009124 1 145.0049905596827 96.99757113445096 315.0049905596827 232.99757113445096
frame_009125 1 161.9242010473254 98.306176283463 329.92420104732537 231.306176283463
frame_009126 1 177.88928669368352 100.15404694435134 344.8892866936835 230.15404694435134
frame_009127 1 192.17049438808323 99.75007779921577 358.1704943880832 233.75007779921577
frame_009128 1 208.13726454733649 100.12704708028448 373.1372645473365 237.12704708028448
frame_009129 1 222.7653101183842 101.11652157323451 388.7653101183842 238.1165215732345
frame_009130 1 239.043002815016 100.9667414712888 403.043002815016 237.9667414712888
frame_009131 1 252.13691533451748 101.96248273139923 417.1369153345175 237.96248273139923
frame_009132 1 265.90775637996217 102.35983774417139 431.90775637996217 237.3598377441714
frame_009133 1 278.5848263327141 102.77610002596518 445.5848263327141 235.77610002596518
frame_009134 1 292.48684940348323 100.59257354350083 461.48684940348323 234.59257354350083
frame_009135 1 307.9199513231442 99.53188746570962 475.9199513231442 233.53188746570962
frame_009136 1 325.43859649122805 106.47718159033948 494.43859649122805 214.47718159033948
frame_009137 1 340.6395296246042 105.74388285843509 509.6395296246042 215.7438828584351
frame_009138 1 356.31892643956735 104.61080068219556 524.3189264395673 217.61080068219556
frame_009139 1 368.6252230714839 104.23755569772268 539.6252230714839 219.23755569772268
frame_009140 1 383.2492397072086 100.37108580297405 556.2492397072085 232.37108580297405
frame_009141 1 398.6471971940436 101.00080860269253 573.6471971940437 234.00080860269253
frame_009142 1 414.82405224906694 101.63025928108428 591.8240522490669 235.63025928108428
frame_009143 1 427.959676933277 103.79473811102406 606.959676933277 237.79473811102406
frame_009144 1 442.42832408609763 102.69370991224963 624.4283240860976 238.69370991224963
frame_009145 1 457.01103707995367 103.46793163383546 640.0110370799537 241.46793163383546
frame_009146 1 479.57720202309383 100.93334287622864 632.5772020230938 155.93334287622864
frame_011208 1 469.5538182942448 81.55242701294111 646.5538182942448 204.5524270129411
frame_011209 1 461.6882496408406 80.89666789170647 637.6882496408406 203.89666789170647
frame_011210 1 453.3043122209508 79.99340378272868 629.3043122209508 203.99340378272868
frame_011211 1 445.2615100655753 79.94528133168248 619.2615100655753 203.94528133168248
frame_011212 1 437.68152008836114 79.15175571816465 610.6815200883611 203.15175571816465
frame_011213 1 430.3384878461369 83.83267139827652 601.3384878461369 190.83267139827652
frame_011214 1 423.4740932958103 83.22959078006406 593.4740932958102 190.22959078006406
frame_011215 1 416.4547963856913 83.60261170936997 584.4547963856912 187.60261170936997
frame_011216 1 408.5269092644215 84.64899922147717 574.5269092644214 186.64899922147717
frame_011217 1 399.01022298769584 84.11898331180439 564.0102229876959 186.11898331180439
frame_011218 1 391.28765666891184 84.3698971168958 554.2876566689118 185.3698971168958
frame_011219 1 384.55242667527335 84.78980917416388 542.5524266752734 184.78980917416388
frame_011220 1 378.85288997903234 85.13069852698763 535.8528899790324 185.13069852698763
frame_011221 1 371.1818659934785 85.73399863258649 529.1818659934785 184.7339986325865
frame_011222 1 362.9501226168816 85.82666192020673 520.9501226168816 184.82666192020673
frame_011223 1 355.35409480764906 85.95478333267255 511.35409480764906 184.95478333267255
frame_011224 1 347.1177055571025 86.0364572974263 503.1177055571025 185.0364572974263
frame_011225 1 339.3389023855988 86.28374288103868 494.3389023855988 185.28374288103868
frame_011226 1 331.1486468541683 85.72731256473588 486.1486468541683 186.72731256473588
frame_011227 1 322.6409381775873 84.16157649796392 477.6409381775873 189.16157649796392
frame_011228 1 314.5348938529784 83.60230513307985 469.5348938529784 190.60230513307985
frame_011229 1 306.45115947152715 80.97620824658574 461.45115947152715 194.97620824658574
frame_011230 1 298.69509371626276 79.8403246575877 453.69509371626276 197.8403246575877
frame_011231 1 291.5085761520975 80.90771595370944 445.5085761520975 199.90771595370944
frame_011232 1 283.6503154371057 81.5753830307712 438.6503154371057 200.5753830307712
frame_011233 1 276.81646962485286 82.04331081426889 430.81646962485286 201.0433108142689
frame_011234 1 269.2459385249027 82.09294994025373 423.2459385249027 201.09294994025373
frame_011235 1 261.6999019120775 81.54823505433052 415.6999019120775 201.54823505433052
frame_011236 1 254.01011530398318 81.57908805031445 407.0101153039832 201.57908805031445
frame_011237 1 246.80002613354236 80.97811315823859 399.80002613354236 200.97811315823859
frame_011238 1 240.67237546731332 79.72227695261188 393.6723754673133 199.72227695261188
frame_011239 1 233.0584499543657 79.88818324713517 386.0584499543657 198.88818324713517
frame_011240 1 224.2957525319934 80.0105467012117 377.2957525319934 199.0105467012117
frame_011241 1 215.78201484288644 79.87958576767198 369.78201484288644 197.87958576767198
frame_011242 1 207.7870645583165 78.91479411881267 361.7870645583165 196.91479411881267
frame_011243 1 199.5298719018665 78.40066102346037 354.5298719018665 195.40066102346037
frame_011244 1 190.1510858545435 77.2709834053679 347.1510858545435 195.2709834053679
frame_011245 1 178.8431751779762 80.69249550772943 338.8431751779762 188.69249550772943
frame_011246 1 167.79156532135053 82.13367962512538 331.7915653213505 186.13367962512538
frame_011247 1 157.63317161417646 82.81250171312666 323.6331716141765 184.81250171312666
frame_011248 1 149.5011513631317 83.6107296078512 314.5011513631317 183.6107296078512
frame_011249 1 131.6459455837019 83.22766385203056 312.64594558370186 183.22766385203056
frame_011250 1 126.93252977016508 80.5893237117217 300.93252977016505 186.5893237117217
frame_011251 1 121.58424533830899 77.40917626514525 287.58424533830896 197.40917626514525
frame_011252 1 114.10402955162638 78.52117352686565 281.10402955162635 198.52117352686565
frame_011253 1 107.93083743609722 78.04865464763455 273.93083743609725 200.04865464763455
frame_011254 1 100.9450801723529 78.83207365025547 266.9450801723529 200.83207365025547
frame_011255 1 90.45048770881118 79.32485345566599 261.4504877088112 201.324853455666
frame_011256 1 29.50315394041661 83.9434400048213 279.5031539404166 207.9434400048213
frame_011257 1 25.836810185596732 83.98196382888355 268.83681018559673 207.98196382888355
frame_011258 1 23.534141012134683 83.45133442584572 259.5341410121347 208.45133442584572
frame_011259 1 19.89314369073668 83.3074106491612 248.89314369073668 208.3074106491612
frame_011260 1 14.040135548628783 83.89093673444097 237.04013554862877 208.89093673444097
frame_011261 1 11.593782616605864 83.65804391332239 226.59378261660586 208.6580439133224
frame_011262 1 9.219666344018677 83.61524227068267 217.21966634401866 208.61524227068267
frame_011263 1 7.154853311941324 83.55521812208724 208.15485331194134 209.55521812208724
frame_011264 1 4.445120829095828 83.47221172938154 197.44512082909583 210.47221172938154
frame_011265 1 2.104878659958743 83.10921567493591 189.10487865995873 210.1092156749359
frame_011266 1 -1.3991241984637526 82.80553072034914 181.60087580153623 209.80553072034914
frame_011267 1 -6.001953659203693 82.36332200210995 176.9980463407963 209.36332200210995
frame_011268 1 -9.621415241841945 82.38187320320776 172.37858475815807 208.38187320320776
frame_011269 1 60.52378841607565 211.73123522458627 118.52378841607565 245.73123522458627
frame_011270 1 60.69213583556747 211.8336312183497 117.69213583556747 245.8336312183497
frame_011271 1 60.93636921189818 212.3653787181846 116.93636921189818 245.3653787181846
frame_011272 1 61.30101653770292 212.40578060992263 117.30101653770292 245.40578060992263
frame_011273 1 61.79294783539849 212.45777879761357 116.7929478353985 245.45777879761357
frame_011274 1 61.875078173858654 212.71638524077548 117.87507817385865 244.71638524077548
frame_011275 1 62.50713606089438 212.83476054551218 117.50713606089438 244.83476054551218
frame_011276 1 62.66651191581553 212.78582482203652 117.66651191581553 244.78582482203652
frame_011277 1 62.02957615277131 212.63794441856854 119.02957615277131 244.63794441856854
frame_011278 1 61.2718740538904 212.3657281259461 119.2718740538904 245.3657281259461
frame_011279 1 60.971675611210486 212.3700059630292 118.97167561121049 245.3700059630292
frame_011280 1 61.75781948168007 212.44712540959188 117.75781948168007 245.44712540959188
frame_011281 1 59.9286554869079 212.62577228596646 117.9286554869079 245.62577228596646
frame_011282 1 55.77763459335624 211.44129438717064 121.77763459335624 247.44129438717064
frame_011283 1 59.939207048458144 212.53230543318648 118.93920704845814 245.53230543318648
frame_011284 1 60.068062827225134 212.40357766143106 119.06806282722513 245.40357766143106
frame_011285 1 60.040386303775236 212.38249926836406 119.04038630377524 245.38249926836406
frame_011286 1 59.3540766349755 212.48026505329872 119.3540766349755 245.48026505329872
frame_011287 1 60.01970695970695 212.37208791208792 119.01970695970695 245.37208791208792
frame_011288 1 59.28910976663785 212.52434456928836 119.28910976663785 245.52434456928836
frame_011289 1 60.10415761263218 212.50115891641315 118.10415761263218 245.50115891641315
frame_011290 1 59.583931840585834 212.7572877059569 118.58393184058583 245.7572877059569
frame_011291 1 56.2470350216269 211.470350216269 121.2470350216269 247.470350216269
frame_013615 1 -34.501508126233375 28.598560327723305 196.49849187376662 282.5985603277233
frame_013616 1 -29.145754674238077 28.20011377251535 201.85424532576192 282.20011377251535
frame_013617 1 -17.196611839691386 71.78621672904151 213.8033881603086 259.7862167290415
frame_013618 1 -13.473959901258354 70.47441146366427 225.52604009874165 258.4744114636643
frame_013619 1 -7.972050928056447 70.73664672495781 243.02794907194357 255.7366467249578
frame_013620 1 -26.107324277639805 71.4203742883717 292.8926757223602 254.4203742883717
frame_013621 1 -13.106195539917081 70.74842879903676 307.89380446008295 253.74842879903676
frame_013622 1 -1.7362602462115433 72.45469989816803 324.26373975378846 256.45469989816803
frame_013623 1 11.709693954470083 73.72943363988139 339.7096939544701 256.7294336398814
frame_013624 1 22.177820185959035 73.80188674501284 353.17782018595904 257.80188674501284
frame_013625 1 68.71761710280845 73.400421295596 343.71761710280845 257.400421295596
frame_013626 1 81.89268165297008 83.15921082083585 360.89268165297005 255.15921082083585
frame_013627 1 110.58575987674698 83.5691207219104 359.585759876747 254.5691207219104
frame_013628 1 112.37416778383025 83.88626143325018 380.3741677838302 252.88626143325018
frame_013629 1 123.88877236415317 85.41951770220862 392.88877236415317 253.41951770220862
frame_013630 1 129.34845741227923 87.34881615360962 411.34845741227923 253.34881615360962
frame_013631 1 137.01980290918056 86.61585251430193 434.01980290918056 251.61585251430193
frame_013632 1 144.93901654010642 86.33151675831368 455.9390165401064 251.33151675831368
frame_013633 1 161.36142793832943 83.80523872833717 479.3614279383294 248.80523872833717
frame_013634 1 166.12608551887365 82.9455253708312 500.12608551887365 247.9455253708312
frame_013635 1 238.0208617812168 79.38317402518584 475.0208617812168 244.38317402518584
frame_013636 1 249.8119259347875 80.13955683162524 491.8119259347875 244.13955683162524
frame_013637 1 266.0084530382338 84.95379510345211 522.0084530382338 213.9537951034521
frame_013638 1 267.5236292568825 84.814389917363 552.5236292568825 215.814389917363
frame_013639 1 280.72199048908016 85.04557623897108 565.7219904890801 218.04557623897108
frame_013640 1 289.39968251200565 85.30196232282063 592.3996825120057 219.30196232282063
frame_013641 1 297.37482515486283 76.39761211498387 616.3748251548628 230.39761211498387
frame_013642 1 366.8935008462118 80.79126981185684 585.8935008462117 243.79126981185684
frame_013643 1 379.13936396103696 76.90074287695987 607.1393639610369 244.90074287695987
frame_013644 1 396.95782449354766 77.65104632978785 621.9578244935476 246.65104632978785
frame_013645 1 407.06594386312827 5.4144725969609055 637.0659438631283 254.4144725969609
frame_013646 1 423.20206485839856 6.296474484002118 639.2020648583986 255.29647448400212
frame_013647 1 433.2849277357192 5.351319992235318 643.2849277357192 255.35131999223532
frame_013648 1 437.13399657139644 3.5957713889591503 647.1339965713964 253.59577138895915
frame_013649 1 442.4022092367625 -1.6453944333384527 652.4022092367625 249.35460556666155
frame_013650 1 447.87335490136115 -2.6841383787495943 657.8733549013612 248.3158616212504
frame_013651 1 451.426437893522 -4.592049510943667 661.426437893522 247.40795048905633
frame_013652 1 454.65309706834114 -6.855889181613676 664.6530970683411 246.1441108183863
frame_023010 1 70.55267758680975 155.14391188574194 182.55267758680975 260.14391188574194
frame_023011 1 83.86569977056703 155.79714301321968 193.86569977056703 259.7971430132197
frame_023012 1 95.5782958645573 155.56602830974188 205.5782958645573 259.5660283097419
frame_023013 1 107.3123527431841 154.42151912936157 216.3123527431841 261.42151912936157
frame_023014 1 119.19844933712122 153.24266098484847 228.19844933712122 260.2426609848485
frame_023015 1 129.638804589728 154.75864909390444 237.638804589728 259.7586490939044
frame_023016 1 139.97793351784065 155.08161473677944 248.97793351784065 260.08161473677944
frame_023017 1 150.81218964481133 155.82496758073185 258.8121896448113 259.8249675807318
frame_023018 1 162.77725026644706 156.320350095275 270.777250266447 260.320350095275
frame_023019 1 176.68937048503608 156.13641640866874 283.6893704850361 258.13641640866877
frame_023020 1 189.18261964735515 156.49935413033646 296.1826196473552 257.4993541303364
frame_023021 1 201.0155434306692 156.77995015324507 308.0155434306692 257.77995015324507
frame_023022 1 213.63445406014785 156.22479193607214 318.63445406014785 257.22479193607217
frame_023023 1 225.0508773649642 154.97807404502822 329.0508773649642 256.9780740450282
frame_023024 1 236.03973057399452 155.44478068462837 340.0397305739945 256.44478068462837
frame_023025 1 246.8384199887331 155.59583457600158 350.8384199887331 256.5958345760016
frame_023026 1 258.14230897564227 155.02442442442444 360.14230897564227 256.0244244244244
frame_023027 1 268.4570930811349 154.7053094408495 371.4570930811349 255.7053094408495
frame_023028 1 278.3626696002933 155.2986631996533 382.3626696002933 255.2986631996533
frame_023029 1 288.4930373360242 156.00309451732255 390.4930373360242 256.00309451732255
frame_023030 1 302.1921568627451 154.65414516683865 402.1921568627451 255.65414516683865
frame_023031 1 313.7501146263182 155.48779670581595 411.7501146263182 254.48779670581595
frame_023032 1 323.84879873399507 155.46025751690402 422.84879873399507 254.46025751690402
frame_023033 1 336.73274496492417 155.11812627291243 430.73274496492417 254.11812627291243
frame_023034 1 353.38248058474187 154.97049642150142 434.38248058474187 252.97049642150142
frame_023035 1 356.0358711021805 155.92632283991964 456.0358711021805 254.92632283991964
frame_023036 1 365.4594946116685 155.76852471200294 469.4594946116685 256.76852471200294
frame_023037 1 377.72142202675457 155.24082829393438 481.72142202675457 257.2408282939344
frame_023038 1 394.61299562792095 157.73530830695006 498.61299562792095 258.73530830695006
frame_023039 1 402.88214027476494 155.9920134095839 506.88214027476494 256.99201340958393
frame_023040 1 417.03109563768373 157.97268344938405 522.0310956376837 258.972683449384
frame_023041 1 428.5159426066162 154.67593330676232 523.5159426066161 256.6759333067623
frame_023042 1 441.1041854862993 153.58936398005955 529.1041854862992 256.58936398005955
frame_023043 1 444.97672541803854 154.5098134159726 550.9767254180385 257.5098134159726
frame_023044 1 455.26128883622954 161.63006845708264 562.2612888362296 254.63006845708264
frame_023045 1 468.3429062346588 164.9416240723093 575.3429062346588 257.9416240723093
frame_023046 1 480.277832796897 158.75940139198372 587.277832796897 260.7594013919837
frame_023047 1 494.36790299149095 157.8616768952533 600.367902991491 258.8616768952533
frame_023048 1 505.14976865821757 156.46680748340376 612.1497686582176 261.4668074834037
frame_025041 1 32.528859023737326 157.0449479636155 142.5288590237373 258.0449479636155
frame_025042 1 41.560226444706004 157.4602881004428 151.56022644470602 258.46028810044277
frame_025043 1 50.49341942913547 157.3323736667489 159.49341942913549 259.33237366674894
frame_025044 1 58.434317637669594 157.2139664804469 167.4343176376696 259.2139664804469
frame_025045 1 65.95102035483785 157.95240521543724 174.95102035483785 258.95240521543724
frame_025046 1 74.24768912987346 159.1328685773302 183.24768912987346 258.1328685773302
frame_025047 1 83.18322989298392 159.3923198733175 191.18322989298392 258.3923198733175
frame_025048 1 93.13492673429653 160.1339788912798 199.13492673429653 258.1339788912798
frame_025049 1 101.58258580592397 159.71378006082443 207.58258580592397 258.71378006082443
frame_025050 1 109.636875016017 159.63386381691907 216.636875016017 259.6338638169191
frame_025051 1 119.1491269281967 159.4680265184141 226.1491269281967 260.4680265184141
frame_025052 1 127.28398177629361 160.28317931195153 234.28398177629361 259.2831793119515
frame_025053 1 136.4789511605167 161.03231948947555 242.4789511605167 258.0323194894755
frame_025054 1 145.2829198966408 160.5864857881137 251.2829198966408 258.5864857881137
frame_025055 1 154.75638401175758 160.73120226753798 259.7563840117576 258.731202267538
frame_025056 1 163.16649521247132 161.6645564611854 269.1664952124713 257.6645564611854
frame_025057 1 171.80562481567867 161.91224965816778 277.8056248156787 257.91224965816775
frame_025058 1 180.72753308864418 163.13966744522298 285.7275330886442 258.139667445223
frame_025059 1 189.55121998720193 162.32143950143282 294.55121998720193 257.3214395014328
frame_025060 1 198.1554397665694 162.2384604696401 303.15543976656943 256.23846046964013
frame_025061 1 208.66946680667365 163.77208027068016 312.66946680667365 256.77208027068014
frame_025062 1 216.53261782683 162.75813273080152 321.53261782683 257.75813273080155
frame_025063 1 224.19049245658982 162.33518360375749 329.1904924565898 257.3351836037575
frame_025064 1 233.1475874581845 162.34246186993252 337.1475874581845 257.34246186993255
frame_025065 1 242.1241250717154 163.40100401606423 346.1241250717154 256.40100401606423
frame_025066 1 251.25668201430517 163.86110387165897 355.25668201430517 256.861103871659
frame_025067 1 259.3837723073392 162.81637688644057 363.3837723073392 256.8163768864406
frame_025068 1 267.9755206057958 163.23419251492643 372.9755206057958 257.23419251492646
frame_025069 1 277.02792730219363 163.25163512183826 381.02792730219363 256.25163512183826
frame_025070 1 285.9844153607715 162.81413236897993 389.9844153607715 256.8141323689799
frame_025071 1 294.9232655098505 162.41601338853167 399.9232655098505 256.41601338853167
frame_025072 1 303.85269685269685 163.14320814320814 407.85269685269685 257.14320814320814
frame_025073 1 311.3891746684956 163.60948216735252 416.3891746684956 257.60948216735255
frame_025074 1 320.31723252335394 163.9266785200237 425.31723252335394 257.9266785200237
frame_025075 1 329.12803447788605 163.9360180867599 434.12803447788605 257.9360180867599
frame_025076 1 338.7411298853532 163.85147382565683 443.7411298853532 257.85147382565685
frame_025077 1 346.6582333361304 164.38320606416602 451.6582333361304 258.383206064166
frame_025078 1 354.4728061394728 165.34448337226112 460.4728061394728 258.34448337226115
frame_025079 1 363.9098205854579 164.92865078042547 468.9098205854579 258.92865078042547
frame_025080 1 373.0398865153538 165.35811637739207 477.0398865153538 258.3581163773921
frame_025081 1 381.8646669483171 165.22767215885088 485.8646669483171 258.22767215885085
frame_025082 1 389.6703323349023 164.96676650977034 494.6703323349023 258.9667665097703
frame_025083 1 398.28592776022543 165.02439302080663 503.28592776022543 259.02439302080666
frame_025084 1 407.07822837013487 165.43205315462382 512.0782283701349 259.4320531546238
frame_025085 1 416.7447544418611 165.11828697723814 519.7447544418611 259.11828697723814
frame_025086 1 424.23010640758724 165.87355424473742 530.2301064075873 258.8735542447374
frame_025087 1 433.2699414406731 165.90934675081016 539.2699414406732 258.9093467508102
frame_025088 1 442.11902304781563 166.33012269235178 548.1190230478156 259.3301226923518
frame_025089 1 451.94677176512266 165.53992855666752 557.9467717651227 259.5399285566675
frame_025090 1 461.42476258949694 165.2820766304185 567.4247625894969 259.2820766304185
frame_025091 1 471.8624421750894 165.6461260946728 575.8624421750894 259.6461260946728
frame_025092 1 480.6066265415707 168.6673452528471 585.6066265415707 259.6673452528471
frame_025093 1 490.58670055803896 165.75848014725216 594.586700558039 260.75848014725216
frame_025094 1 500.4292510742787 164.55429711479434 605.4292510742787 259.55429711479434
frame_025095 1 506.64494147827475 164.295670995671 611.6449414782747 259.295670995671
frame_025552 1 57.17353028946583 118.04084601611459 138.17353028946582 207.04084601611459
frame_025553 1 77.72395064532 117.95861246735552 158.72395064532 206.95861246735552
frame_025554 1 98.59169799855684 120.032243363336 178.59169799855684 206.032243363336
frame_025555 1 117.32058329515957 120.3818521911742 197.32058329515957 206.3818521911742
frame_025556 1 136.18720644151196 119.28532021173487 215.18720644151196 208.28532021173487
frame_025557 1 155.04179313565257 119.28733753599502 234.04179313565257 207.28733753599502
frame_025558 1 174.21947355593468 117.51137379153465 252.21947355593468 207.51137379153465
frame_025559 1 193.83209183050434 119.14779989416695 271.83209183050434 207.14779989416695
frame_025560 1 214.53927866649872 117.85930217911576 292.5392786664987 207.85930217911576
frame_025561 1 233.50074457245864 121.26886903362333 310.50074457245864 210.26886903362333
frame_025562 1 251.42683867484283 122.41438158046975 328.4268386748428 211.41438158046975
frame_025563 1 270.2465859714463 123.41224394785849 347.2465859714463 211.41224394785849
frame_025564 1 287.8879430970149 126.06417133084577 365.8879430970149 209.06417133084577
frame_025565 1 307.1731810689899 125.96766344870889 384.1731810689899 208.9676634487089
frame_025566 1 325.28987043580685 125.82909305064783 403.28987043580685 208.82909305064783
frame_025567 1 343.4372453137734 124.98443357783208 421.4372453137734 207.98443357783208
frame_025568 1 362.46998219282625 123.89425930636816 440.46998219282625 206.89425930636816
frame_025569 1 382.56470459995637 122.56302594288204 461.56470459995637 206.56302594288204
frame_025570 1 401.9790400704535 125.8826508146191 481.9790400704535 203.8826508146191
frame_025571 1 423.3653925705303 123.37908496732024 502.3653925705303 210.37908496732024
frame_025572 1 441.285808394504 127.6324298889516 522.285808394504 212.6324298889516
frame_025573 1 457.6713583556747 128.46991361334523 538.6713583556748 216.46991361334523
frame_025574 1 477.44092477570734 125.77895100069011 559.4409247757073 223.7789510006901
frame_025575 1 497.5656256594218 128.18013645635506 580.5656256594218 226.18013645635506
frame_026465 1 405.3509450171821 91.22207903780068 435.3509450171821 113.22207903780068
frame_026466 1 402.93648763853366 91.36359761295822 432.93648763853366 113.36359761295822
frame_026467 1 400.7268170426065 91.73266499582287 430.7268170426065 112.73266499582287
frame_026468 1 398.592704554615 91.45929060862555 429.592704554615 112.45929060862555
frame_026469 1 396.78659286592864 90.69782697826977 427.78659286592864 112.69782697826977
frame_026470 1 395.12266500622667 90.32689912826899 426.12266500622667 113.32689912826899
frame_026471 1 393.8277254374159 91.0103185284881 423.8277254374159 113.0103185284881
frame_026472 1 392.66433891992546 91.03351955307262 420.66433891992546 113.03351955307262
frame_026473 1 390.6020776874435 91.4159891598916 418.6020776874435 113.4159891598916
frame_026474 1 388.2442636629119 91.15853149770545 417.2442636629119 113.15853149770545
frame_026475 1 385.9770459081836 91.1808383233533 414.9770459081836 113.1808383233533
frame_026476 1 384.0433789954338 90.9269406392694 413.0433789954338 112.9269406392694
frame_026477 1 382.20045045045043 90.13288288288288 411.20045045045043 113.13288288288288
frame_026478 1 380.3188848188848 90.85347985347985 409.3188848188848 114.85347985347985
frame_026479 1 377.8397513036502 90.77557160048134 406.8397513036502 115.77557160048134
frame_026480 1 375.8997785160576 91.16961978589885 404.8997785160576 116.16961978589885
frame_026481 1 373.7483033932136 90.53393213572853 402.7483033932136 115.53393213572853
frame_026482 1 371.47993643226056 90.14779499404052 401.47993643226056 116.14779499404052
frame_026483 1 369.7628442252363 90.2367447595561 399.7628442252363 116.2367447595561
frame_026484 1 368.50386597938143 90.48926116838487 397.50386597938143 116.48926116838487
frame_026485 1 366.8475711892797 91.15326633165829 394.8475711892797 117.15326633165829
frame_026486 1 364.02732582394657 90.96620775969963 393.02732582394657 116.96620775969963
frame_026487 1 361.9535200311162 90.55075845974329 390.9535200311162 116.55075845974329
frame_026488 1 359.6967729240456 90.28473042109404 388.6967729240456 115.28473042109404
frame_026489 1 357.73202224870874 89.6233611442193 386.73202224870874 115.6233611442193
frame_026490 1 355.5579514824798 90.30548068283916 384.5579514824798 113.30548068283916
frame_026491 1 353.4528377298161 90.97402078337329 382.4528377298161 114.97402078337329
frame_026492 1 350.8500397772474 90.82617342879873 379.8500397772474 115.82617342879873
frame_026493 1 348.08379070618366 90.45042078302231 378.08379070618366 116.45042078302231
frame_026494 1 346.01039426523295 90.17670250896057 376.01039426523295 116.17670250896057
frame_026495 1 343.8860952380952 89.31828571428571 373.8860952380952 116.31828571428571
frame_026496 1 342.08688591149 89.50182704019488 372.08688591149 115.50182704019488
frame_026497 1 340.60717410323707 89.30402449693787 369.60717410323707 115.30402449693787
frame_026498 1 338.3645546372819 89.22268135904498 367.3645546372819 115.22268135904498
frame_026499 1 336.6743714517437 89.86050283860503 364.6743714517437 115.86050283860503
frame_026500 1 334.03499810821035 89.31687476352629 363.03499810821035 116.31687476352629
frame_026501 1 331.5373931623932 88.9380341880342 361.5373931623932 115.9380341880342
frame_026502 1 329.7320332249909 89.0624774286746 359.7320332249909 115.0624774286746
frame_026503 1 328.0302166476625 88.94108703914861 357.0302166476625 114.94108703914861
frame_026504 1 325.7025761124122 89.6128024980484 354.7025761124122 114.6128024980484
frame_026505 1 323.3038630027877 89.86399840700915 351.3038630027877 114.86399840700915
frame_026506 1 320.1244935543278 89.55764272559851 350.1244935543278 115.55764272559851
frame_026507 1 317.9879688605803 89.30077848549186 347.9879688605803 115.30077848549186
frame_026508 1 316.1471954269382 89.03501250446587 346.1471954269382 115.03501250446587
frame_026509 1 313.960711331679 88.22291149710503 343.960711331679 114.22291149710503
frame_026510 1 311.8026490066225 87.93642384105961 341.8026490066225 113.93642384105961
frame_026511 1 309.89755766621437 88.0802804161013 338.89755766621437 113.0802804161013
frame_026512 1 307.54 87.70755555555554 336.54 112.70755555555554
frame_026513 1 305.0901268115942 88.58605072463767 334.0901268115942 110.58605072463767
frame_026514 1 302.2473404255319 88.48226950354609 332.2473404255319 110.48226950354609
frame_026515 1 299.8797061524334 88.65472910927456 329.8797061524334 109.65472910927456
frame_026516 1 298.0217606330366 88.73343224530167 328.0217606330366 108.73343224530167
frame_026517 1 296.125434674615 88.68802781917535 325.125434674615 108.68802781917535
frame_026518 1 293.8245869776482 89.15986394557822 322.8245869776482 108.15986394557822
frame_026519 1 291.03666184274 89.2563917028461 321.03666184274 108.2563917028461
frame_026520 1 288.4385342789598 89.08156028368795 319.4385342789598 108.08156028368795
frame_026521 1 286.3811928811929 88.83333333333333 317.3811928811929 107.83333333333333
frame_026522 1 284.87301587301585 88.46775793650792 314.87301587301585 108.46775793650792
frame_026523 1 282.63070316693506 88.8322597960279 312.63070316693506 107.8322597960279
frame_026524 1 280.4240155296727 89.35773710482529 309.4240155296727 107.35773710482529
frame_026525 1 278.39614243323444 88.9263105835806 308.39614243323444 107.9263105835806
frame_026526 1 276.21137093076567 89.09376432828977 306.21137093076567 108.09376432828977
frame_026527 1 273.8686030428769 88.97717842323651 303.8686030428769 107.97717842323651
frame_026528 1 271.947201946472 88.51338199513381 300.947201946472 108.51338199513381
frame_026529 1 269.32775240994414 88.6790969051243 299.32775240994414 107.6790969051243
frame_026530 1 267.3042168674699 88.80321285140562 296.3042168674699 107.80321285140562
frame_026531 1 264.821568627451 88.88578431372548 293.821568627451 107.88578431372548
frame_026532 1 262.51292705447827 88.52169898430284 292.51292705447827 107.52169898430284
frame_026533 1 260.6693657219973 88.17881241565452 290.6693657219973 107.17881241565452
frame_026534 1 258.711079943899 88.03716690042076 288.711079943899 107.03716690042076
frame_026535 1 256.45241654210264 87.91056302939711 286.45241654210264 106.91056302939711
frame_026536 1 254.46153846153845 87.8568376068376 283.46153846153845 106.8568376068376
frame_026537 1 252.06297502714438 88.2084690553746 281.0629750271444 106.2084690553746
frame_026538 1 249.94018404907973 88.23926380368098 278.94018404907973 106.23926380368098
frame_026539 1 247.86159003831415 87.64703065134098 276.86159003831415 106.64703065134098
frame_026540 1 245.2032520325203 86.98469631755141 275.2032520325203 106.98469631755141
frame_026541 1 243.2636320531057 86.93788525367472 273.2636320531057 106.93788525367472
frame_026542 1 241.27810650887574 87.4008875739645 271.27810650887574 106.4008875739645
frame_026543 1 239.34051510648834 87.38013868251609 268.34051510648834 106.38013868251609
frame_026544 1 236.86877394636014 87.28591954022988 265.86877394636014 106.28591954022988
frame_026545 1 234.30248618784532 87.1611418047882 264.3024861878453 106.1611418047882
frame_026546 1 231.83605812897363 86.29109900090825 262.8360581289736 106.29109900090825
frame_026547 1 230.21225071225072 86.07882241215574 260.2122507122507 106.07882241215574
frame_026548 1 227.82385229540915 85.937624750499 257.82385229540915 105.937624750499
frame_026549 1 225.5046439628483 85.83230134158926 255.5046439628483 105.83230134158926
frame_026550 1 223.81592421915002 85.75627240143369 252.81592421915002 105.75627240143369
frame_026551 1 221.06752873563218 85.05459770114942 251.06752873563218 106.05459770114942
frame_026552 1 218.94795872588602 85.509645580978 248.94795872588602 105.509645580978
frame_026553 1 216.89802336028748 84.71922731356692 246.89802336028748 105.71922731356692
frame_026554 1 214.706316274781 84.01659751037344 244.706316274781 106.01659751037344
frame_026555 1 212.44648750589343 85.17538896746818 242.44648750589343 105.17538896746818
frame_026556 1 210.022159358793 84.63578500707213 240.022159358793 105.63578500707213
frame_026557 1 207.78379568472036 84.59555261999118 237.78379568472036 105.59555261999118
frame_026558 1 205.7016197783461 84.43563512361465 235.7016197783461 105.43563512361465
frame_026559 1 203.4786771105309 84.18015665796345 234.4786771105309 105.18015665796345
frame_026560 1 201.298835125448 84.00358422939067 232.298835125448 105.00358422939067
frame_026561 1 199.1283846872082 83.9327731092437 230.1283846872082 104.9327731092437
frame_026562 1 197.18920257553242 83.78281327389796 227.18920257553242 104.78281327389796
frame_026563 1 195.29803921568626 84.16911764705883 225.29803921568626 104.16911764705883
frame_026564 1 193.07244383310407 83.56877579092159 223.07244383310407 104.56877579092159
frame_026565 1 190.90922431865826 83.1559748427673 221.90922431865826 105.1559748427673
frame_026566 1 189.21882951653944 83.13273960983884 220.21882951653944 105.13273960983884
frame_026567 1 187.55213903743316 83.09224598930481 217.55213903743316 105.09224598930481
frame_026568 1 185.51633109619686 83.61096196868007 215.51633109619686 104.61096196868007
frame_026569 1 183.28526077097504 83.54943310657596 213.28526077097504 104.54943310657596
frame_026570 1 181.30917874396135 83.5421607378129 211.30917874396135 104.5421607378129
frame_026571 1 178.96752136752136 83.45726495726494 209.96752136752136 104.45726495726494
frame_026572 1 177.33821656050955 83.21847133757962 208.33821656050955 104.21847133757962
frame_026573 1 175.42847682119205 83.0942604856512 206.42847682119205 104.0942604856512
frame_026574 1 173.368260665729 83.2444913267698 204.368260665729 104.2444913267698
frame_026575 1 171.7566765578635 83.37388724035608 201.7566765578635 104.37388724035608
frame_026576 1 169.92084562438544 83.80776794493609 199.92084562438544 103.80776794493609
frame_026577 1 168.4145299145299 83.5807217473884 197.4145299145299 103.5807217473884
frame_026578 1 166.16935483870967 83.02150537634408 196.16935483870967 104.02150537634408
frame_026579 1 164.3098091433644 82.9607190412783 194.3098091433644 103.9607190412783
frame_026580 1 162.28191249436173 82.95376635092467 192.28191249436173 103.95376635092467
frame_026581 1 160.3015873015873 82.89449112978524 190.3015873015873 103.89449112978524
frame_026582 1 158.20241411327763 83.33658310120704 188.20241411327763 103.33658310120704
frame_026583 1 156.2808510638298 83.1304964539007 186.2808510638298 103.1304964539007
frame_026584 1 154.25056844020008 83.00682128240109 184.25056844020008 103.00682128240109
frame_026585 1 152.28441788401946 82.9384683488269 183.28441788401946 102.9384683488269
frame_026586 1 150.51823281907434 82.61804581580176 181.51823281907434 102.61804581580176
frame_026587 1 149.21393034825869 82.87761194029851 179.21393034825869 102.87761194029851
frame_026588 1 147.9144144144144 83.52119766825649 176.9144144144144 102.52119766825649
frame_026589 1 145.91611479028697 83.92384105960265 174.91611479028697 101.92384105960265
frame_026590 1 144.64636752136752 84.06570512820512 172.64636752136752 102.06570512820512
frame_026591 1 142.34281437125748 82.91467065868264 171.34281437125748 102.91467065868264
frame_026592 1 141.49451597520266 83.06771578445398 169.49451597520266 103.06771578445398
frame_026593 1 139.67600786627335 83.61701081612586 167.67600786627335 102.61701081612586
frame_026594 1 137.98557213930349 83.41641791044776 165.98557213930349 103.41641791044776
frame_026595 1 136.87747336377473 84.55301877219685 163.87747336377473 102.55301877219685
frame_026596 1 134.72860020140988 84.39979859013091 162.72860020140988 102.39979859013091
frame_026597 1 132.71142857142857 83.72095238095238 160.71142857142857 102.72095238095238
frame_026598 1 130.96905393457115 83.50132625994695 158.96905393457115 103.50132625994695
frame_026599 1 129.30630630630628 83.39054054054054 157.30630630630628 103.39054054054054
frame_026600 1 128.31761904761905 82.87380952380953 155.31761904761905 103.87380952380953
frame_026601 1 126.38665636269963 83.65069551777434 153.38665636269963 103.65069551777434
frame_026602 1 124.56534870950026 83.54585392641405 151.56534870950026 103.54585392641405
frame_026603 1 123.34741784037558 84.1731220657277 149.34741784037558 102.1731220657277
frame_026604 1 121.95535219079309 84.12312811980033 146.9553521907931 102.12312811980033
frame_026605 1 120.20734908136481 83.96299212598426 146.2073490813648 102.96299212598426
frame_026606 1 120.06689151208542 85.07223159078133 144.06689151208542 102.07223159078133
frame_026607 1 118.98765432098764 84.97901234567901 141.98765432098764 101.97901234567901
frame_026608 1 116.33023543990086 84.99380421313506 140.33023543990086 101.99380421313506
frame_026609 1 114.73937153419594 85.11552680221811 138.73937153419593 102.11552680221811
frame_026610 1 113.17828106852497 84.50580720092914 137.17828106852497 102.50580720092914
frame_026611 1 112.41421991940126 84.46977547495682 135.41421991940126 102.46977547495682
frame_026612 1 112.2846975088968 83.53024911032028 134.28469750889678 103.53024911032028
frame_026613 1 112.1921017402945 83.69946452476572 132.1921017402945 102.69946452476572
frame_029508 1 533.3974177573399 77.09751208583891 582.3974177573399 125.09751208583891
frame_029509 1 528.2148732008225 78.04717843271646 578.2148732008225 125.04717843271646
frame_029510 1 524.639424763241 79.60510931836781 574.639424763241 124.60510931836781
frame_029511 1 521.0603448275862 82.56381704980842 571.0603448275862 122.56381704980842
frame_029512 1 516.8800316186306 83.74729417487534 567.8800316186306 121.74729417487534
frame_029513 1 512.7406783888265 84.59664546701583 563.7406783888265 121.59664546701583
frame_029514 1 507.58112479781005 83.33806146572103 558.58112479781 123.33806146572103
frame_029515 1 502.4861739567622 83.346279537456 554.4861739567622 123.346279537456
frame_029516 1 498.576287110109 83.39709382437678 549.576287110109 123.39709382437678
frame_029517 1 494.48031746031745 83.46006349206348 545.4803174603175 123.46006349206348
frame_029518 1 491.9810379241517 83.55382568196939 540.9810379241517 123.55382568196939
frame_029519 1 488.1381454447147 83.61367937280345 537.1381454447147 123.61367937280345
frame_029520 1 483.7658140814081 83.66831683168317 533.765814081408 123.66831683168317
frame_029521 1 480.33468027789587 83.77215369346376 529.3346802778958 123.77215369346376
frame_029522 1 475.4042673449201 85.56146672318779 525.4042673449201 122.56146672318779
frame_029523 1 470.88683044703987 86.13303799167673 518.8868304470399 122.13303799167673
frame_029524 1 466.9885382955771 85.6685544768069 513.9885382955771 122.6685544768069
frame_029525 1 463.2220819304152 85.05289001122334 511.2220819304152 123.05289001122334
frame_029526 1 458.11804973456265 85.08661637328862 507.11804973456265 123.08661637328862
frame_029527 1 453.4860061572907 85.12706409179961 503.4860061572907 123.12706409179961
frame_029528 1 449.2765644687106 84.36105277894441 498.2765644687106 124.36105277894441
frame_029529 1 445.0301120448179 83.41806722689076 494.0301120448179 125.41806722689076
frame_029530 1 442.28420684835777 83.56268343815513 489.28420684835777 125.56268343815513
frame_029531 1 437.77475592747555 83.38493723849372 485.77475592747555 125.38493723849372
frame_029532 1 433.55694792536895 84.48802561960456 481.55694792536895 123.48802561960456
frame_029533 1 428.703673245614 85.07908442982455 477.703673245614 123.07908442982455
frame_029534 1 424.3951039570758 84.70684104627766 473.3951039570758 123.70684104627766
frame_029535 1 419.9981641751901 84.46144767899293 468.9981641751901 124.46144767899293
frame_029536 1 415.63341112407625 84.03403345001945 464.63341112407625 125.03403345001945
frame_029537 1 411.31783556606246 83.67152613606514 460.31783556606246 125.67152613606514
frame_029538 1 405.2619222303742 83.28821227684028 455.2619222303742 126.28821227684028
frame_029539 1 399.80875408645113 82.7991282237559 450.80875408645113 126.7991282237559
frame_029540 1 395.4602034709754 82.78084979054456 445.4602034709754 126.78084979054456
frame_029541 1 390.5626619552414 82.39422850412248 440.5626619552414 127.39422850412248
frame_029542 1 386.02301699716713 82.41111898016997 436.02301699716713 127.41111898016997
frame_029543 1 381.52161587526575 82.50283486888732 431.52161587526575 127.50283486888732
frame_029544 1 377.40952715355803 83.22460205992508 426.40952715355803 128.22460205992508
frame_029545 1 373.13339233038346 83.58884955752212 422.13339233038346 128.5888495575221
frame_029546 1 369.61415692007796 83.932626705653 418.61415692007796 128.932626705653
frame_029547 1 366.1927783836181 83.88476917484552 414.1927783836181 129.88476917484553
frame_029548 1 362.23008521674694 84.15382240335926 410.23008521674694 129.15382240335924
frame_029549 1 358.23386573172314 85.28970263602127 406.23386573172314 127.28970263602127
frame_029550 1 354.01887283613166 85.22784068723155 402.01887283613166 128.22784068723155
frame_029551 1 349.3644240570846 83.40787461773701 397.3644240570846 130.407874617737
frame_029552 1 345.2493863524791 83.02245949926362 392.2493863524791 132.02245949926362
frame_029553 1 340.3175939482674 82.42557345046363 388.3175939482674 132.42557345046362
frame_029554 1 335.9642288374372 83.13181428396422 383.9642288374372 131.13181428396422
frame_029555 1 331.97968980797634 83.42454455933037 378.97968980797634 130.42454455933037
frame_029556 1 326.7433607240681 83.66446349886864 374.7433607240681 130.66446349886866
frame_029557 1 322.4143230093746 83.17621929512282 369.4143230093746 131.17621929512282
frame_029558 1 319.0887370019862 81.91500175254119 364.0887370019862 132.91500175254117
frame_029559 1 314.9289569400446 80.66695999061362 359.9289569400446 133.66695999061363
frame_029560 1 310.930358829084 80.51097733711048 355.930358829084 133.5109773371105
frame_029561 1 306.2242769084874 80.04646752015172 352.2242769084874 133.04646752015174
frame_029562 1 302.67559413865285 79.84780199482822 347.67559413865285 131.84780199482822
frame_029563 1 297.47144855653056 79.2119420068676 343.47144855653056 130.21194200686762
frame_029564 1 292.4240041928721 80.167714884696 338.4240041928721 126.167714884696
frame_029565 1 287.57333857648445 79.81111548040371 333.57333857648445 125.81111548040371
frame_029566 1 282.5613756613756 81.37857142857143 328.5613756613756 124.37857142857143
frame_029567 1 278.6782124422711 81.97473512632436 323.6782124422711 123.97473512632436
frame_029568 1 274.3487972508591 81.65979381443299 319.3487972508591 123.65979381443299
frame_029569 1 269.56147300469485 81.38394953051642 315.56147300469485 123.38394953051642
frame_029570 1 266.65878900216245 82.30151374729688 310.65878900216245 122.30151374729688
frame_029571 1 263.0126984126984 84.27412698412698 306.0126984126984 120.27412698412698
frame_029572 1 258.8112382769035 84.15402956604673 301.8112382769035 120.15402956604673
frame_029573 1 254.1958433253397 83.99840127897681 298.1958433253397 119.99840127897681
frame_029574 1 250.71010594947023 83.61418092909535 293.71010594947023 119.61418092909535
frame_029575 1 246.54545454545456 84.0791788856305 289.54545454545456 119.0791788856305
frame_029576 1 241.92467089224766 83.89232894522996 284.92467089224766 118.89232894522996
frame_029577 1 237.66243148978577 83.89960139511709 280.6624314897858 118.89960139511709
frame_029578 1 233.41486146095718 84.35096557514693 276.4148614609572 118.35096557514693
frame_029579 1 229.32445561139028 83.92646566164153 271.32445561139025 117.92646566164153
frame_029580 1 223.97076461769115 82.94077961019491 266.97076461769115 117.94077961019491
frame_029581 1 219.1212744090442 83.3693045563549 262.1212744090442 117.3693045563549
frame_029582 1 215.17003978550423 83.96843106728939 257.17003978550423 116.96843106728939
frame_029583 1 211.4302203567681 85.45120671563484 252.4302203567681 116.45120671563484
frame_029584 1 206.25413948820872 84.87305569493226 249.25413948820872 116.87305569493226
frame_029585 1 202.26563022400532 84.69023737880306 244.26563022400532 116.69023737880306
frame_029586 1 197.25403093122736 84.04540967423495 240.25403093122736 117.04540967423495
frame_029587 1 192.92129629629628 83.96875 235.92129629629628 116.96875
frame_029588 1 188.07080663709544 84.32249055363889 232.07080663709544 116.32249055363889
frame_029589 1 183.33479960899317 84.22906484196807 228.33479960899317 116.22906484196807
frame_029590 1 179.01267150928166 84.13833736884584 224.01267150928166 116.13833736884584
frame_029591 1 174.94695481335953 83.57662082514734 219.94695481335953 116.57662082514734
frame_029592 1 170.92366666666666 83.87566666666666 215.92366666666666 115.87566666666666
frame_029593 1 166.80847514180846 83.81548214881548 211.80847514180846 115.81548214881548
frame_029594 1 161.7197524833089 83.4737013515714 207.7197524833089 115.4737013515714
frame_029595 1 156.27461059190028 84.1619937694704 202.27461059190028 115.1619937694704
frame_029596 1 151.3125774473358 84.67193308550186 197.3125774473358 114.67193308550186
frame_029597 1 146.1895919303072 84.70090172703652 193.1895919303072 114.70090172703652
frame_029598 1 142.0627666057282 84.4282449725777 188.0627666057282 115.4282449725777
frame_029599 1 136.48414470745868 83.93300580616346 184.48414470745868 115.93300580616346
frame_029600 1 132.99363245964756 83.02073152672885 178.99363245964756 117.02073152672885
frame_029601 1 127.28826130366565 83.1781486235915 175.28826130366565 117.1781486235915
frame_029602 1 121.8136009832036 82.46633893213163 171.8136009832036 118.46633893213163
frame_029603 1 117.9345591142744 82.22241992882562 166.9345591142744 119.22241992882562
frame_029604 1 114.53702280297207 79.47745324109658 162.53702280297207 123.47745324109658
frame_029605 1 109.84471889875206 79.8557185128007 159.84471889875206 122.8557185128007
frame_029606 1 105.97712181576722 76.73542194856935 154.97712181576722 125.73542194856935
frame_029607 1 99.61170041787207 66.49485695917711 149.61170041787207 129.49485695917713
frame_029608 1 94.01193971422978 61.980916030534345 145.01193971422978 127.98091603053435
frame_029609 1 89.5570899900713 60.06119685892229 139.5570899900713 126.06119685892229
frame_029610 1 84.76712084780479 60.639326743254074 134.7671208478048 122.63932674325407
frame_029611 1 79.41158080140906 60.212901805372084 130.41158080140906 121.21290180537208
frame_029612 1 75.73704481792716 59.09996498599439 125.73704481792716 121.09996498599439
frame_029613 1 70.99092473118279 59.60546236559139 121.99092473118279 120.60546236559139
frame_029614 1 66.73506694129763 59.64684174390662 117.73506694129763 120.64684174390662
frame_029615 1 62.55173457911583 59.630028549182455 113.55173457911583 120.63002854918246
frame_029616 1 59.15873428695275 60.29804941482445 109.15873428695275 120.29804941482445
frame_029792 1 455.50231421043884 48.991047763721085 653.5023142104388 183.9910477637211
frame_029793 1 441.6421320173098 48.36017991582192 652.6421320173098 183.3601799158219
frame_029794 1 425.100007289161 46.70157445877979 648.100007289161 182.7015744587798
frame_029795 1 412.3292189321867 46.88972439453691 632.3292189321867 181.88972439453693
frame_029796 1 399.2081103660051 46.63482655587919 617.208110366005 181.6348265558792
frame_029797 1 386.08699745605736 48.086878328837244 601.0869974560574 180.08687832883726
frame_029798 1 374.9778951758654 48.346177610948914 584.9778951758653 180.34617761094893
frame_029799 1 362.4725033135709 49.32676174829558 568.4725033135709 179.32676174829558
frame_029800 1 349.29493186708106 49.927834887242 554.294931867081 178.927834887242
frame_029801 1 338.2054011760243 51.65964845725847 540.2054011760242 178.65964845725847
frame_029802 1 325.58432850703997 51.36261018706871 526.58432850704 179.3626101870687
frame_029803 1 313.69563505456176 51.050439548077065 511.69563505456176 180.05043954807707
frame_029804 1 301.6996848866804 50.580462974184954 496.6996848866804 180.58046297418497
frame_029805 1 288.7770182689721 49.81444479770434 483.7770182689721 180.81444479770434
frame_029806 1 277.107970190104 49.66181101713079 470.107970190104 180.6618110171308
frame_029807 1 264.988966448998 49.37252620781105 456.988966448998 180.37252620781106
frame_029808 1 252.36325077061338 49.1058910978406 444.3632507706134 180.10589109784058
frame_029809 1 240.13412148389727 48.61676178828644 432.1341214838973 179.61676178828645
frame_029810 1 228.4336076464789 48.250623633791946 419.4336076464789 179.25062363379195
frame_029811 1 217.21802660521632 46.701712579868015 406.2180266052163 179.701712579868
frame_029812 1 204.99918378093736 45.76784272424081 393.99918378093736 179.7678427242408
frame_029813 1 193.30970849714873 45.537305635249524 380.30970849714873 178.53730563524954
frame_029814 1 180.05195819904287 45.577542196059625 368.0519581990429 177.57754219605962
frame_029815 1 166.8247463758383 45.751998997143644 355.8247463758383 175.75199899714363
frame_029816 1 154.0465036973221 46.44682855912126 343.0465036973221 173.44682855912126
frame_029817 1 140.97250803131075 47.06777068910908 330.9725080313108 171.06777068910907
frame_029818 1 127.0540652269643 47.740664851311635 319.0540652269643 169.74066485131164
frame_029819 1 114.00659623531936 47.515891743086456 307.00659623531936 169.51589174308646
frame_029820 1 101.11724003162166 46.82766630248443 295.1172400316217 169.82766630248443
frame_029821 1 88.498085496984 45.5799720255267 283.498085496984 171.5799720255267
frame_029822 1 75.34275541661236 45.0647431722461 273.34275541661236 172.0647431722461
frame_029823 1 63.08259583215073 44.82366626243861 262.08259583215073 171.82366626243862
frame_029824 1 50.59177851344299 45.49818222256438 251.591778513443 171.49818222256437
frame_029825 1 38.74955493658379 45.07725363929845 240.7495549365838 172.07725363929845
frame_029826 1 26.66123987760139 44.588553025308116 229.6612398776014 172.5885530253081
frame_029827 1 14.861138329857695 44.21702972287129 217.86113832985768 172.2170297228713
frame_029828 1 3.02866337749505 43.561793015936615 206.02866337749504 172.56179301593662
frame_029829 1 -0.18827677428775758 43.27822584108496 190.81172322571223 171.27822584108497
frame_029830 1 -3.007785614044508 41.94318110714828 176.9922143859555 170.9431811071483
frame_043324 1 511.56804141651435 52.03036630992777 601.5680414165143 134.03036630992779
frame_043325 1 511.0797308968589 51.51468248556752 595.0797308968589 132.5146824855675
frame_043326 1 510.6501826289075 50.84412504150656 589.6501826289075 130.84412504150657
frame_043327 1 509.84258562760135 50.33834812697458 583.8425856276014 130.33834812697458
frame_043328 1 509.8226748904399 51.83038467781205 576.8226748904399 129.83038467781205
frame_043329 1 509.15319836188496 53.29454346195996 571.153198361885 130.29454346195996
frame_043330 1 506.33256062767475 54.48092011412268 567.3325606276748 130.48092011412268
frame_043331 1 502.354066691276 54.23483450227636 563.354066691276 131.23483450227636
frame_043332 1 499.41380019991766 52.929146821896865 560.4138001999177 130.92914682189686
frame_043333 1 494.61389652014645 53.00852793040292 559.6138965201465 129.00852793040292
frame_043334 1 488.5844495262986 52.498366546880106 559.5844495262986 128.4983665468801
frame_043335 1 482.4179693545891 51.888072021874834 559.4179693545891 128.88807202187485
frame_043336 1 477.20437956204375 52.30008937881722 559.2043795620438 129.30008937881723
frame_043337 1 471.08149800873275 52.923036322633266 560.0814980087328 128.92303632263327
frame_043338 1 465.5285367751384 53.89651700306649 559.5285367751384 127.89651700306649
frame_043339 1 460.0013307635829 53.78046989720997 559.0013307635829 127.78046989720997
frame_043340 1 453.9248877896858 53.78533479893743 558.9248877896857 127.78533479893743
frame_043341 1 449.44334588826115 64.77832705586943 509.44334588826115 127.77832705586943
frame_043342 1 443.86833100015554 63.71130813501321 503.86833100015554 129.7113081350132
frame_043343 1 438.9310439776571 63.27523404924867 497.9310439776571 130.27523404924867
frame_043344 1 434.1248821866164 63.24583726044611 492.1248821866164 130.2458372604461
frame_043345 1 429.38759208674776 64.1937753497227 486.38759208674776 128.1937753497227
frame_043346 1 424.24659262998483 64.98174322732626 481.24659262998483 126.98174322732626
frame_043347 1 417.72396335583414 64.54942140790743 475.72396335583414 127.54942140790743
frame_043348 1 412.8737560654659 64.48692326671602 470.8737560654659 127.48692326671602
frame_043349 1 408.29647635668573 64.40999750685614 465.29647635668573 127.40999750685614
frame_043350 1 403.0230087014725 63.897841365461844 460.0230087014725 127.89784136546184
frame_043351 1 397.83543877379145 63.89759137611587 454.83543877379145 127.89759137611587
frame_043352 1 392.2204005006258 63.612724238631614 449.2204005006258 128.6127242386316
frame_043353 1 387.1689689195856 63.17118894918599 443.1689689195856 129.171188949186
frame_043354 1 381.31622368528 63.577460781923094 438.31622368528 128.5774607819231
frame_043355 1 376.70142646335466 62.88842433185768 432.70142646335466 129.88842433185766
frame_043356 1 371.3308313155771 62.91614205004035 427.3308313155771 130.91614205004035
frame_043357 1 366.7572325443285 62.20976499533383 421.7572325443285 131.20976499533384
frame_043358 1 362.8889739663093 61.77845839714139 415.8889739663093 131.77845839714138
frame_043359 1 356.87887289582824 62.03854598682605 411.87887289582824 132.03854598682605
frame_043360 1 352.9579463364293 62.03250773993808 405.9579463364293 131.03250773993807
frame_043361 1 347.3438313597043 62.338078441253046 401.3438313597043 131.33807844125306
frame_043362 1 342.0638698070003 61.352060843964665 396.0638698070003 133.35206084396467
frame_043363 1 337.67200591424347 61.57483160834565 390.67200591424347 133.57483160834565
frame_043364 1 332.83292262198125 60.93165763101692 385.83292262198125 133.93165763101692
frame_043365 1 326.2632456752773 60.75785431696532 381.2632456752773 133.75785431696534
frame_043366 1 322.6963195315767 61.35980761187787 375.6963195315767 132.35980761187787
frame_043367 1 316.8740829346092 60.638676236044645 370.8740829346092 133.63867623604466
frame_043368 1 312.0052609946568 60.07332511302917 366.0052609946568 134.07332511302917
frame_043369 1 307.3965233152084 59.389602899983515 360.3965233152084 134.38960289998352
frame_043370 1 303.12100514377266 59.353065182561764 355.12100514377266 133.35306518256175
frame_043371 1 298.3735571878279 59.22359216509268 350.3735571878279 132.22359216509267
frame_043372 1 293.0693311582382 59.07966286025014 345.0693311582382 130.07966286025015
frame_043373 1 287.43521625652494 61.61735645041013 339.43521625652494 125.61735645041013
frame_043374 1 282.4940998772774 61.472387425658454 334.4940998772774 125.47238742565845
frame_043375 1 277.54091473312326 61.35262102549413 329.54091473312326 125.35262102549413
frame_043376 1 273.2395411605938 61.621939464044715 324.2395411605938 124.62193946404471
frame_043377 1 268.68292193457756 61.0900060204696 318.68292193457756 124.0900060204696
frame_043378 1 264.76660516605165 60.79212792127922 312.76660516605165 123.79212792127922
frame_043379 1 257.43036087086193 60.90312158266228 309.43036087086193 123.90312158266228
frame_043380 1 250.94470680834314 61.89384100747736 304.94470680834314 122.89384100747736
frame_043381 1 246.6959706959707 61.704415954415936 298.6959706959707 121.70441595441594
frame_043382 1 241.6795905707196 61.35028949545078 293.6795905707196 121.35028949545078
frame_043383 1 237.08113407525173 60.95431902490725 288.0811340752517 120.95431902490725
frame_043384 1 232.96238651102465 61.01913099870298 281.96238651102465 120.01913099870298
frame_043385 1 226.3290964777948 61.093568147013784 277.3290964777948 120.09356814701378
frame_043386 1 219.7168784029038 61.60193587416818 272.71687840290383 119.60193587416818
frame_043387 1 214.8003003003003 61.09309309309309 267.8003003003003 120.09309309309309
frame_043388 1 210.10453767984706 60.845205755106136 262.10453767984706 119.84520575510614
frame_043389 1 205.16101010101008 60.73161616161616 257.1610101010101 119.73161616161616
frame_043390 1 200.99954086317723 60.68477706356494 251.99954086317723 119.68477706356494
frame_043391 1 195.48546131401548 60.71118824831471 247.48546131401548 119.71118824831471
frame_043392 1 190.3058122205663 60.30521609538003 242.3058122205663 120.30521609538003
frame_043393 1 185.17170470902732 60.460518198642816 236.17170470902732 119.46051819864282
frame_043394 1 179.62298366897105 59.69542130047088 231.62298366897105 119.69542130047088
frame_043395 1 175.89549711097825 59.29906355847777 224.89549711097825 119.29906355847777
frame_043396 1 172.1614132674083 59.03811289658013 219.1614132674083 119.03811289658013
frame_043397 1 168.27211205539817 58.66635190431225 213.27211205539817 118.66635190431225
frame_043398 1 159.20759878419452 59.17659574468085 210.20759878419452 119.17659574468085
frame_043399 1 152.5984181112058 59.45529032869186 205.5984181112058 120.45529032869186
frame_043400 1 147.73941336441337 60.542346542346536 199.73941336441337 119.54234654234654
frame_043401 1 141.39132242861103 59.63099528694205 194.39132242861103 121.63099528694205
frame_043402 1 135.9049415992812 59.0780772686433 188.9049415992812 123.0780772686433
frame_043403 1 129.68753273965427 59.83350794482277 183.68753273965427 123.83350794482277
frame_043404 1 124.72908093278463 60.13485939643347 177.72908093278463 124.13485939643347
frame_043405 1 119.28101644245143 59.998256103637274 172.28101644245143 124.99825610363727
frame_043406 1 114.67926143311323 59.0871036113149 167.67926143311323 126.0871036113149
frame_043407 1 109.83714328402806 56.872852233676966 162.83714328402806 132.87285223367695
frame_043408 1 105.21793680297398 56.59951982651796 158.21793680297398 132.59951982651796
frame_043409 1 99.25079654073737 56.62623274161734 153.25079654073738 132.62623274161734
frame_043410 1 91.26000590754688 55.79559887756609 149.26000590754688 131.79559887756608
frame_043411 1 86.3147711184521 58.416312726128666 144.3147711184521 130.41631272612867
frame_043412 1 80.8082282133729 62.86074697007173 138.8082282133729 126.86074697007173
frame_043413 1 75.03609062170706 66.53029504741833 133.03609062170705 125.53029504741833
frame_043414 1 69.84441535776614 67.20837696335079 127.84441535776614 124.20837696335079
frame_043415 1 64.08315677966101 67.30693855932203 122.08315677966101 123.30693855932203
frame_043416 1 59.05866185690972 66.0357296229494 117.05866185690972 124.0357296229494
frame_043417 1 53.73083548664944 66.43307493540051 111.73083548664944 122.43307493540051
frame_048106 1 459.23502729226493 70.625319360708 656.2350272922649 244.625319360708
frame_048107 1 444.9328595816571 70.29224039648642 656.9328595816571 241.29224039648642
frame_048108 1 428.9589365482376 68.13319209277037 655.9589365482376 238.13319209277037
frame_048109 1 408.68596179320923 64.55292360965859 646.6859617932092 232.5529236096586
frame_048110 1 393.2915081229025 62.58234565878348 625.2915081229025 229.58234565878348
frame_048111 1 377.1215528858016 62.777942264988894 604.1215528858015 224.7779422649889
frame_048112 1 359.203481785046 69.76498922057996 581.203481785046 215.76498922057996
frame_048113 1 341.05106528117193 70.69713165510984 562.051065281172 212.69713165510984
frame_048114 1 323.43143421142196 71.45783132530121 541.4314342114219 211.4578313253012
frame_048115 1 307.451368159204 71.95948728579324 522.451368159204 209.95948728579324
frame_048116 1 289.77414072392105 73.51131436170587 502.77414072392105 207.51131436170587
frame_048117 1 272.6099828406351 73.63051615659188 482.6099828406351 205.63051615659188
frame_048118 1 256.9837898795882 73.7042162319473 464.9837898795882 205.7042162319473
frame_048119 1 239.80259660753745 73.1989413486233 445.80259660753745 205.1989413486233
frame_048120 1 223.5355605381166 73.1611808669656 428.5355605381166 205.1611808669656
frame_048121 1 209.12511432091486 72.72191106777623 411.12511432091486 204.72191106777623
frame_048122 1 192.22166825128124 71.37496618200649 394.22166825128124 203.3749661820065
frame_048123 1 175.08654421580815 72.07862634074482 375.08654421580815 204.07862634074482
frame_048124 1 157.9353553285838 71.54387522191226 356.9353553285838 204.54387522191226
frame_048125 1 138.303800157834 72.15146755296544 340.30380015783396 204.15146755296544
frame_048126 1 121.20913308469025 71.72552988265261 323.2091330846903 203.7255298826526
frame_048127 1 102.65496948394556 70.47857750005744 307.6549694839456 202.47857750005744
frame_048128 1 85.22405532211278 69.69537630211323 292.2240553221128 201.69537630211323
frame_048129 1 66.91836098866861 68.4742563061088 275.9183609886686 200.4742563061088
frame_048130 1 48.37319578499955 70.4891820891998 260.37319578499955 202.4891820891998
frame_048131 1 31.852159468438543 70.37986653435158 245.85215946843854 203.37986653435158
frame_048132 1 14.783406428102296 70.84194933508476 230.7834064281023 203.84194933508476
frame_048133 1 1.3465807337566247 70.17801703085516 212.34658073375664 204.17801703085516
frame_048134 1 -1.7521808495067575 70.85953280056205 193.24781915049323 204.85953280056205
frame_048135 1 -3.508629581512537 70.7175268690209 175.49137041848746 205.7175268690209
frame_051785 1 453.3206016462367 79.22640408090754 649.3206016462367 225.22640408090754
frame_051786 1 436.87471553790374 82.11179468542602 632.8747155379037 220.11179468542602
frame_051787 1 422.64665946821435 81.87687047284831 615.6466594682144 217.8768704728483
frame_051788 1 409.3148559373786 80.43202131793706 598.3148559373785 215.43202131793706
frame_051789 1 395.49334240542805 79.8275782231924 581.493342405428 212.8275782231924
frame_051790 1 381.2447562776957 78.60604628261939 564.2447562776957 210.6060462826194
frame_051791 1 365.77714143426294 78.37713728419652 544.777141434263 208.37713728419652
frame_051792 1 350.1502433461624 79.80106705764962 528.1502433461624 207.80106705764962
frame_051793 1 331.9694703030664 83.30153962069613 508.9694703030664 207.30153962069613
frame_051794 1 315.2379963981563 84.0344260960695 491.2379963981563 205.0344260960695
frame_051795 1 300.1749428524777 84.68802555310637 476.1749428524777 205.68802555310637
frame_051796 1 285.29290334855403 84.31835574158632 460.29290334855403 205.31835574158632
frame_051797 1 271.87956836050864 84.84086855574904 444.87956836050864 205.84086855574904
frame_051798 1 258.5477069475828 85.10551860220872 429.5477069475828 206.10551860220872
frame_051799 1 244.7431533335452 85.04873978959412 415.7431533335452 206.04873978959412
frame_051800 1 230.5316318105331 83.76392938889413 400.5316318105331 205.76392938889413
frame_051801 1 215.03265536369048 83.38470859841004 385.0326553636905 205.38470859841004
frame_051802 1 200.95526218708824 82.57516732542817 369.95526218708824 204.57516732542817
frame_051803 1 187.2624062087399 81.4994471817001 354.2624062087399 203.4994471817001
frame_051804 1 171.31918259437435 80.02877822563167 339.31918259437435 203.02877822563167
frame_051805 1 153.7358988268079 80.5651477924205 323.7358988268079 203.5651477924205
frame_051806 1 136.55663363392068 80.22593442309531 307.5566336339207 203.2259344230953
frame_051807 1 119.18504424036564 80.72668469828488 293.18504424036564 203.72668469828488
frame_051808 1 102.69377914538592 79.99366071334157 278.6937791453859 202.99366071334157
frame_051809 1 87.92251072759734 80.07329741806828 265.92251072759734 203.07329741806828
frame_051810 1 73.91392351796327 80.10073641575929 251.91392351796327 203.1007364157593
frame_051811 1 59.609444832772 79.83208362457901 239.609444832772 202.832083624579
frame_051812 1 44.07589229411022 78.65356076848698 225.07589229411022 201.65356076848698
frame_051813 1 28.53137230794451 79.69588737935698 210.5313723079445 203.69588737935698
frame_051814 1 13.90408948274117 79.89760097175827 195.90408948274117 204.89760097175827
frame_051815 1 3.332313965341484 80.62315176471773 179.33231396534148 203.62315176471773
frame_052167 1 448.893018018018 80.42701034367701 648.893018018018 225.427010343677
frame_052168 1 432.7258948893027 83.85140354507206 630.7258948893027 218.85140354507206
frame_052169 1 418.8744096943775 83.09943865276665 612.8744096943775 216.09943865276665
frame_052170 1 404.68690621418796 81.52967542789546 595.686906214188 214.52967542789546
frame_052171 1 389.9383204364794 81.59148136428576 578.9383204364794 211.59148136428576
frame_052172 1 372.72164246348564 80.07191802351167 557.7216424634856 209.07191802351167
frame_052173 1 358.8544817838533 80.42792650254202 540.8544817838533 206.42792650254202
frame_052174 1 341.251698533897 81.32254264739908 521.2516985338971 206.32254264739908
frame_052175 1 322.5687825684989 84.7624810892587 500.5687825684989 203.7624810892587
frame_052176 1 305.65569755058567 84.61113951011711 482.65569755058567 203.6111395101171
frame_052177 1 290.3455666314091 85.31768646430976 466.3455666314091 204.31768646430976
frame_052178 1 275.63774845748196 86.06193556651507 450.63774845748196 205.06193556651507
frame_052179 1 261.5408453404045 86.37656411403256 435.5408453404045 205.37656411403256
frame_052180 1 247.11852695033184 86.32305661547011 420.11852695033184 205.3230566154701
frame_052181 1 232.76227753458795 85.28242323545388 404.76227753458795 205.28242323545388
frame_052182 1 216.7637448745196 84.76087889912196 388.7637448745196 204.76087889912196
frame_052183 1 201.889548820684 83.85111938701252 372.889548820684 204.85111938701252
frame_052184 1 187.1212417980609 82.728130882817 357.1212417980609 203.728130882817
frame_052185 1 169.85586269076833 81.61304261775959 341.85586269076833 202.6130426177596
frame_052186 1 151.94342231260018 82.33339250938747 324.9434223126002 203.33339250938747
frame_052187 1 133.79965636852853 81.66572113981911 307.79965636852853 202.6657211398191
frame_052188 1 115.59815219341289 82.12558436487583 292.5981521934129 203.12558436487583
frame_052189 1 99.19540192994842 80.97012003337827 277.1954019299484 201.97012003337827
frame_052190 1 84.54472035225876 80.61043016215757 263.54472035225876 202.61043016215757
frame_052191 1 69.84708270550811 80.99795956805625 249.84708270550811 201.99795956805625
frame_052192 1 55.26331830592417 80.33706902025526 236.26331830592417 202.33706902025526
frame_052193 1 39.137560934344236 80.05168712791718 221.13756093434424 202.05168712791718
frame_052194 1 23.01148932258954 81.64484206011213 207.01148932258954 203.64484206011213
frame_052195 1 6.860031338516237 81.6459752104301 191.86003133851625 203.6459752104301
frame_052196 1 2.465667210304005 81.1910780746874 171.465667210304 204.1910780746874
frame_052194 1 467.1191189768764 74.66239073332471 652.1191189768764 217.6623907333247
frame_052195 1 449.55898200793786 74.71626169654013 640.5589820079379 215.71626169654013
frame_052196 1 435.011871978459 74.88227246103139 623.011871978459 213.8822724610314
frame_052197 1 421.2617307260058 73.79461901550911 605.2617307260058 212.7946190155091
frame_052198 1 406.5684467484023 73.33754811340592 588.5684467484023 211.33754811340592
frame_052199 1 392.66997549370177 72.22002269454853 570.6699754937017 208.22002269454853
frame_052200 1 376.2983816587997 70.56843212979422 551.2983816587997 206.56843212979422
frame_052201 1 364.5740271250721 70.27444554373812 534.5740271250721 204.27444554373812
frame_052202 1 348.00815217391306 70.06048593350383 518.008152173913 202.06048593350383
frame_052203 1 330.5123890572282 73.47091311542346 498.5123890572282 199.47091311542346
frame_052204 1 313.84962843159013 76.26331673696336 481.84962843159013 201.26331673696336
frame_052205 1 300.2586682048324 76.07469717362045 466.2586682048324 202.07469717362045
frame_052206 1 286.28779991431014 77.4784918594687 451.28779991431014 202.4784918594687
frame_052207 1 272.2380707945674 77.5636402523794 437.2380707945674 203.5636402523794
frame_052208 1 258.25184233619854 77.22313678222898 423.25184233619854 204.22313678222898
frame_052209 1 244.61841632307852 77.38748282059413 408.6184163230785 203.38748282059413
frame_052210 1 230.12131307603994 76.2463814765936 393.12131307603994 202.2463814765936
frame_052211 1 215.97111132734364 76.2462997199788 377.97111132734364 202.2462997199788
frame_052212 1 202.28440386914463 76.11173785458104 362.2844038691446 202.11173785458104
frame_052213 1 186.98985143335426 74.75764584090484 347.98985143335426 200.75764584090484
frame_052214 1 171.53177765129954 73.6011472318011 333.53177765129954 199.6011472318011
frame_052215 1 154.92807333518056 71.5109102244389 317.92807333518056 197.5109102244389
frame_052216 1 136.67168712676087 71.14152424836377 302.67168712676084 197.14152424836377
frame_052217 1 120.86768121256569 72.77910568834659 287.8676812125657 197.7791056883466
frame_052218 1 105.57660850893944 74.70061178907844 274.57660850893944 198.70061178907844
frame_052219 1 91.24914447568204 73.87601478346022 262.24914447568204 199.87601478346022
frame_052220 1 76.98976717209376 73.7258472118651 249.98976717209376 199.7258472118651
frame_052221 1 62.245736818200584 73.09480160204797 237.24573681820058 199.09480160204797
frame_052222 1 47.41083888732439 72.22036567685677 223.4108388873244 198.22036567685677
frame_052223 1 33.52908951798011 71.48463657230297 209.5290895179801 198.48463657230297
frame_052224 1 18.72051327908433 71.73962462865259 195.72051327908434 199.7396246286526
frame_052225 1 4.986471129920247 70.83162875448187 179.98647112992023 200.83162875448187
frame_052226 1 -0.08687916144097585 70.21194416404106 160.91312083855902 200.21194416404106
