frame_001516 1 500.9068027210884 261.88231292517 517.9068027210884 286.88231292517
frame_001517 1 499.1106821106821 261.74517374517376 517.1106821106821 286.74517374517376
frame_001518 1 498.81776010603045 260.66732935719017 514.8177601060304 286.66732935719017
frame_001519 1 496.1342925659472 260.5587529976019 514.1342925659471 286.5587529976019
frame_001520 1 494.01908831908827 259.56039886039883 513.0190883190883 286.56039886039883
frame_001521 1 492.62947658402203 259.09449035812673 511.62947658402203 286.09449035812673
frame_001522 1 490.4260450160772 259.1211146838156 510.4260450160772 286.1211146838156
frame_001523 1 489.26750261233013 259.65569487983277 508.26750261233013 286.65569487983277
frame_001524 1 486.6453900709219 258.6175278622087 507.6453900709219 286.6175278622087
frame_001525 1 485.4360523665659 258.7260825780463 505.4360523665659 286.7260825780463
frame_001526 1 484.4827315541601 259.79199372056513 503.4827315541601 286.79199372056513
frame_001527 1 482.2626896912611 259.638147566719 502.2626896912611 286.638147566719
frame_001528 1 481.34570826750917 259.38967877830436 500.34570826750917 287.38967877830436
frame_001529 1 480.15955766192735 259.3217482885729 498.15955766192735 287.3217482885729
frame_001530 1 476.6706586826347 259.2125748502994 497.6706586826347 287.2125748502994
frame_001531 1 474.6666666666667 259.2461013645224 495.6666666666667 288.2461013645224
frame_001532 1 473.5886107020127 259.7459499263623 493.5886107020127 288.7459499263623
frame_001533 1 471.5120910384068 259.7835467045993 491.5120910384068 288.7835467045993
frame_001534 1 469.2258215962441 259.3032863849765 490.2258215962441 289.3032863849765
frame_001535 1 467.98912529550825 259.3252955082742 487.98912529550825 289.3252955082742
frame_001536 1 466.25022583559166 259.46567299006324 486.25022583559166 289.46567299006324
frame_001537 1 463.62489006156545 259.35576077396655 485.62489006156545 290.35576077396655
frame_001538 1 462.79551451187336 259.594107299912 483.79551451187336 290.594107299912
frame_001539 1 459.50955414012736 259.7942675159236 483.50955414012736 290.7942675159236
frame_001540 1 457.8219389725763 259.1877172653534 481.8219389725763 291.1877172653534
frame_001541 1 455.8163904235727 258.9171270718232 480.8163904235727 290.9171270718232
frame_001542 1 454.36973590292644 258.2291220556745 479.36973590292644 290.2291220556745
frame_001543 1 453.78246753246754 258.5079365079365 477.78246753246754 290.5079365079365
frame_001544 1 450.7281488866733 257.123629112662 476.7281488866733 291.123629112662
frame_001545 1 450.0058708414873 257.01108936725376 475.0058708414873 291.01108936725376
frame_001546 1 448.75595821090434 258.24387855044074 473.75595821090434 290.24387855044074
frame_001547 1 446.97416267942583 257.2637958532695 472.97416267942583 291.2637958532695
frame_001548 1 437.1841326228537 258.04973357015984 476.1841326228537 291.04973357015984
frame_001549 1 433.2009244154431 257.2705274605764 474.2009244154431 291.2705274605764
frame_001550 1 429.2033752155703 257.7643508253264 472.2033752155703 290.7643508253264
frame_001551 1 426.24305060584464 256.8380850558327 470.24305060584464 291.8380850558327
frame_001552 1 424.40506329113924 257.83473980309424 468.40506329113924 291.83473980309424
frame_001553 1 422.5124588622473 258.26492712740946 466.5124588622473 292.26492712740946
frame_001554 1 419.93580426356584 259.06637596899225 464.93580426356584 292.06637596899225
frame_001555 1 419.1442307692308 259.70290927021694 463.1442307692308 291.70290927021694
frame_001556 1 417.03724101757143 259.8035667453449 461.03724101757143 291.8035667453449
frame_001557 1 416.01154052603323 260.55287171229196 459.01154052603323 291.55287171229196
frame_001558 1 414.142303433001 260.0988372093023 458.142303433001 292.0988372093023
frame_001559 1 413.4130185979971 260.6742489270386 456.4130185979971 291.6742489270386
frame_001560 1 412.9395242189739 260.27300085984524 454.9395242189739 291.27300085984524
frame_001561 1 413.16906474820144 260.277278177458 453.16906474820144 291.277278177458
frame_001562 1 412.8846592529227 260.0497576276019 451.8846592529227 291.0497576276019
frame_001563 1 421.14261168384877 259.3979381443299 447.14261168384877 290.3979381443299
frame_001564 1 420.4915569064505 258.5883147585275 445.4915569064505 290.5883147585275
frame_001565 1 418.9007567939456 258.7079463364293 443.9007567939456 290.7079463364293
frame_001566 1 416.7706902191691 258.5613346418057 442.7706902191691 290.5613346418057
frame_001567 1 415.00757575757575 258.7073863636364 441.00757575757575 290.7073863636364
frame_001568 1 414.11441090555013 258.5647517039922 439.11441090555013 290.5647517039922
frame_001569 1 413.40511307767946 258.89577187807276 437.40511307767946 290.89577187807276
frame_001570 1 410.79249136035185 258.5947219604147 435.79249136035185 290.5947219604147
frame_001571 1 408.9265668849392 258.13922669161207 433.9265668849392 291.13922669161207
frame_001572 1 407.4680024852438 258.66138552345444 432.4680024852438 290.66138552345444
frame_001573 1 405.70250391236306 258.6860719874804 430.70250391236306 290.6860719874804
frame_001574 1 403.5312312312312 258.2402402402402 428.5312312312312 291.2402402402402
frame_001575 1 402.8286814244466 259.1934552454283 426.8286814244466 291.1934552454283
frame_001576 1 400.405824039653 257.2385377942998 425.405824039653 292.2385377942998
frame_001577 1 398.28677839851025 257.7405338299193 423.28677839851025 291.7405338299193
frame_001578 1 396.368509984639 257.56958525345624 421.368509984639 291.56958525345624
frame_001579 1 394.2605118829982 257.4527726995734 419.2605118829982 291.4527726995734
frame_001580 1 391.7123133276979 258.00197238658774 417.7123133276979 292.00197238658774
frame_001581 1 389.7336231884058 257.9559420289855 415.7336231884058 291.9559420289855
frame_001582 1 388.8058997050147 257.4908554572271 413.8058997050147 292.4908554572271
frame_001583 1 387.098556998557 257.68196248196244 412.098556998557 291.68196248196244
frame_001584 1 385.3822355289421 257.07798688337607 410.3822355289421 292.07798688337607
frame_001585 1 383.75891861761426 256.1778149386845 408.75891861761426 292.1778149386845
frame_001586 1 381.7789824854045 255.711982207395 407.7789824854045 291.711982207395
frame_001587 1 379.4810759664774 254.6011084076777 406.4810759664774 291.6011084076777
frame_001588 1 378.1988817891374 254.72284345047922 405.1988817891374 291.7228434504792
frame_001589 1 377.2398309561542 254.4498151082937 403.2398309561542 292.4498151082937
frame_001590 1 374.6502475892624 255.34923117018502 402.6502475892624 291.349231170185
frame_001591 1 373.3723997970573 254.62988330796549 400.3723997970573 291.6298833079655
frame_001592 1 371.31160493827156 254.14345679012342 399.31160493827156 292.1434567901234
frame_001593 1 369.73140597973804 253.26006918705212 397.73140597973804 292.2600691870521
frame_001594 1 368.2754595131644 254.15101838052652 396.2754595131644 292.1510183805265
frame_001595 1 368.0025720164609 254.01414609053495 394.0025720164609 293.01414609053495
frame_001596 1 366.133281972265 254.38392398561888 392.133281972265 292.3839239856189
frame_001597 1 363.2267591165896 254.29147406266048 391.2267591165896 292.2914740626605
frame_001598 1 361.5588464536243 254.47908547674717 389.5588464536243 292.4790854767472
frame_001599 1 348.345 255.13291666666663 391.345 293.13291666666663
frame_001600 1 357.7276091783864 254.5640266469282 385.7276091783864 292.5640266469282
frame_001601 1 355.81176763899276 254.7504363001745 383.81176763899276 292.7504363001745
frame_001602 1 354.44962406015037 254.68546365914784 381.44962406015037 292.68546365914784
frame_001603 1 352.21589471019996 255.07593014426726 380.21589471019996 293.07593014426726
frame_001604 1 349.63258983890955 255.77063197026024 378.63258983890955 292.77063197026024
frame_001605 1 348.56325673338273 255.0504077094144 375.56325673338273 293.0504077094144
frame_001606 1 345.6155457009115 254.75634392707565 374.6155457009115 292.75634392707565
frame_001607 1 343.66082725060824 254.1007299270073 372.66082725060824 293.1007299270073
frame_001608 1 342.7918234261349 254.2918234261349 370.7918234261349 293.2918234261349
frame_001609 1 341.71599798132723 254.10509714862474 368.71599798132723 293.10509714862474
frame_001610 1 340.7575526783447 254.3380299568418 366.7575526783447 293.3380299568418
frame_001611 1 338.5867108818472 254.31650700073692 365.5867108818472 293.3165070007369
frame_001612 1 336.7187644075611 253.4688796680498 363.7187644075611 293.4688796680498
frame_001613 1 335.07607192254494 253.62102351313968 362.07607192254494 293.6210235131397
frame_001614 1 334.1680594243268 253.5784586815227 360.1680594243268 293.5784586815227
frame_001615 1 333.0307553143374 252.5583446404342 358.0307553143374 294.5583446404342
frame_001616 1 330.2426326129666 251.8989303645492 357.2426326129666 293.8989303645492
frame_001617 1 329.5790513833992 252.15898111550285 354.5790513833992 294.15898111550285
frame_001618 1 325.7345132743363 251.728402865571 354.7345132743363 293.728402865571
frame_001619 1 324.4191855583543 251.93178001679257 352.4191855583543 293.9317800167926
frame_001620 1 323.1343484565983 252.31116635591462 350.1343484565983 294.3111663559146
frame_001621 1 321.9196762141968 251.89207139892068 347.9196762141968 294.8920713989207
frame_001622 1 319.82191201353635 252.492385786802 346.82191201353635 294.492385786802
frame_001623 1 319.3063153213253 252.43740271291972 344.3063153213253 294.4374027129197
frame_001624 1 316.03157216494844 251.125 343.03157216494844 294.125
frame_001625 1 314.8442694663167 251.32370953630794 340.8442694663167 294.32370953630794
frame_001626 1 312.42849356878133 251.27676040985392 339.42849356878133 294.2767604098539
frame_001627 1 310.7873015873016 251.00973544973544 336.7873015873016 295.00973544973544
frame_001628 1 309.17958740499455 251.19294245385447 335.17958740499455 294.19294245385447
frame_001629 1 307.3243715846994 251.1751912568306 333.3243715846994 294.1751912568306
frame_001630 1 306.1985769728331 251.1334626994394 331.1985769728331 294.1334626994394
frame_001631 1 304.6798245614035 250.26600877192982 329.6798245614035 294.2660087719298
frame_001632 1 303.05841018884496 249.9317083882301 328.05841018884496 292.9317083882301
frame_001633 1 301.3823012736056 249.97452788757136 326.3823012736056 292.97452788757136
frame_001634 1 299.9453872932985 249.76240208877283 324.9453872932985 292.76240208877283
frame_001635 1 296.8538885357067 248.42466624284805 323.8538885357067 292.42466624284805
frame_001636 1 295.25307855626323 248.35838641188957 322.25307855626323 292.35838641188957
frame_001637 1 294.28469980632667 248.01463309662142 320.28469980632667 292.0146330966214
frame_001638 1 291.94976881042453 247.7950819672131 318.94976881042453 291.7950819672131
frame_001639 1 290.52155356380706 248.40887750746901 317.52155356380706 291.408877507469
frame_001640 1 288.79952931108255 247.85943517329912 315.79952931108255 291.8594351732991
frame_001641 1 286.2790845518118 248.12322525958888 314.2790845518118 291.1232252595889
frame_001642 1 284.13125683060105 248.30087431693988 313.13125683060105 291.3008743169399
frame_001643 1 281.94105559160715 247.12481072896384 310.94105559160715 291.12481072896384
frame_001644 1 272.68989782147673 247.6581839213418 311.68989782147673 291.6581839213418
frame_001645 1 271.2443058031293 248.38829471182413 310.2443058031293 291.38829471182413
frame_001646 1 267.6533068031078 248.18514307371612 308.6533068031078 292.1851430737161
frame_001647 1 265.536664805509 248.1727154289968 306.536664805509 292.1727154289968
frame_001648 1 263.5400451212634 248.6989095694679 304.5400451212634 291.6989095694679
frame_001649 1 262.3959175813595 249.18890814558057 302.3959175813595 291.18890814558057
frame_001650 1 261.8445626477541 248.65346729708432 299.8445626477541 291.6534672970843
frame_001651 1 260.83875677930746 248.4136420525657 297.83875677930746 291.4136420525657
frame_001652 1 260.4707487448155 248.06516044531764 295.4707487448155 291.06516044531764
frame_001653 1 264.2169014084507 247.7784037558685 291.2169014084507 290.7784037558685
frame_001654 1 263.66332378223495 246.95869149952244 288.66332378223495 290.95869149952244
frame_001655 1 260.7283105022831 245.1837899543379 287.7283105022831 291.1837899543379
frame_001656 1 258.84624644342307 244.28463558765594 285.84624644342307 291.28463558765594
frame_001657 1 257.2674418604651 244.27217915590006 284.2674418604651 290.27217915590006
frame_001658 1 256.1530958439355 244.42090754877012 282.1530958439355 290.4209075487701
frame_001659 1 253.42311661506704 244.26625386996903 281.42311661506704 290.26625386996903
frame_001660 1 251.435035035035 243.9911911911912 279.435035035035 289.9911911911912
frame_001661 1 249.4795918367347 243.34293717486992 278.4795918367347 291.3429371748699
frame_001662 1 247.5953202915228 242.41542002301497 276.5953202915228 291.415420023015
frame_001663 1 245.87960285328705 242.45401966454597 274.87960285328705 290.45401966454597
frame_001664 1 243.48207475209762 241.41781083142638 273.4820747520976 290.4178108314264
frame_001665 1 241.68100558659216 241.6418994413408 271.68100558659216 290.6418994413408
frame_001666 1 239.80160466812544 241.07913931436906 269.80160466812544 290.07913931436906
frame_001667 1 237.41988399492476 241.105220228385 268.41988399492476 290.105220228385
frame_001668 1 234.944209039548 240.00194209039546 266.944209039548 290.00194209039546
frame_001669 1 233.59763368734858 239.83165641885597 264.59763368734855 288.83165641885597
frame_001670 1 231.12612117883944 238.55528098114587 263.1261211788394 289.55528098114587
frame_001671 1 229.76161504424778 238.25092182890853 260.7616150442478 289.25092182890853
frame_001672 1 227.8814470566794 238.13039912520503 258.8814470566794 289.13039912520503
frame_001673 1 226.02639432941612 239.19781757134865 257.0263943294161 288.19781757134865
frame_001674 1 223.73413150893194 239.20657544659826 255.73413150893194 288.20657544659826
frame_001675 1 222.29988331388566 239.20595099183197 253.29988331388566 288.20595099183197
frame_001676 1 220.1037336412625 238.39549653579678 252.1037336412625 288.3954965357968
frame_001677 1 218.58620019436344 238.0176870748299 250.58620019436344 288.0176870748299
frame_001678 1 216.89906506391907 237.37206639954206 248.89906506391907 287.37206639954206
frame_001679 1 215.24275156338828 236.24189880613983 247.24275156338828 287.24189880613983
frame_001680 1 214.1065105653912 235.39796306872262 245.1065105653912 286.3979630687226
frame_001681 1 212.13479565054365 234.49025121859768 244.13479565054365 286.4902512185977
frame_001682 1 209.95584201865057 233.6432620223075 242.95584201865057 285.6432620223075
frame_001683 1 208.94820788530464 233.67508960573474 240.94820788530464 285.67508960573474
frame_001684 1 206.90221529941155 233.19678089304256 239.90221529941155 286.19678089304256
frame_001685 1 205.90411907234335 233.02492211838006 237.90411907234335 286.02492211838006
frame_001686 1 203.70150560224087 233.02258403361344 236.70150560224087 285.02258403361344
frame_001687 1 202.05658277692174 232.6940592364321 235.05658277692174 284.6940592364321
frame_001688 1 200.31360946745562 232.46449704142015 233.31360946745562 285.46449704142015
frame_001689 1 197.51701631701633 233.3996891996892 231.51701631701633 285.3996891996892
frame_001690 1 194.83274362376528 233.37682441397612 229.83274362376528 285.3768244139761
frame_001691 1 192.98297775760327 233.67551823271293 227.98297775760327 284.67551823271293
frame_001692 1 190.63572809757548 233.9373047746542 226.63572809757548 284.9373047746542
frame_001693 1 189.35903284671534 234.27661192214106 225.35903284671534 285.27661192214106
frame_001694 1 188.32814465408802 234.54308176100625 223.32814465408802 285.54308176100625
frame_001695 1 186.5463510848126 235.06065088757396 222.5463510848126 286.06065088757396
frame_001696 1 186.47425191370908 235.8973556019485 220.47425191370908 285.8973556019485
frame_001697 1 185.9837709700948 235.97629467541935 218.9837709700948 286.97629467541935
frame_001698 1 186.41830065359477 236.40868896578235 216.41830065359477 286.40868896578235
frame_001699 1 186.6943599107324 236.92584702779465 213.6943599107324 285.92584702779465
frame_001700 1 186.3190054782975 236.46734091866836 211.3190054782975 285.46734091866836
frame_001701 1 184.77272727272728 236.77380952380952 209.77272727272728 284.7738095238095
frame_001702 1 181.7674922600619 234.4466460268318 208.7674922600619 284.4466460268318
frame_001703 1 179.71586715867159 232.7462074620746 206.71586715867159 283.7462074620746
frame_001704 1 178.58531497705465 232.66645807259073 204.58531497705465 282.66645807259073
frame_001705 1 174.15641025641023 231.12297435897437 205.15641025641023 282.1229743589744
frame_001706 1 172.5894800483676 231.95787988714227 203.5894800483676 280.95787988714227
frame_001707 1 169.97510696227147 231.78588098016337 201.97510696227147 278.78588098016337
frame_001708 1 168.68237934904602 230.9805462027684 200.68237934904602 279.98054620276844
frame_001709 1 166.41572530034068 229.5899228976152 199.41572530034068 279.5899228976152
frame_001710 1 164.82221634021525 229.20504676195517 197.82221634021525 279.20504676195515
frame_001711 1 163.50752801120447 229.03693977591035 196.50752801120447 279.03693977591035
frame_001712 1 162.2957770854967 229.14468674281756 195.2957770854967 279.14468674281756
frame_001713 1 161.50560224089634 228.8765756302521 193.50560224089634 279.8765756302521
frame_001714 1 160.40677966101694 229.52348163841808 191.40677966101694 279.52348163841805
frame_001715 1 158.91052817523405 229.95265854089382 189.91052817523405 279.9526585408938
frame_001716 1 157.58756766195214 229.48603108084512 187.58756766195214 280.4860310808451
frame_001717 1 156.30817610062894 229.29629629629628 185.30817610062894 281.2962962962963
frame_001718 1 154.64565981861927 231.7844715898575 183.64565981861927 280.7844715898575
frame_001719 1 153.20492573792066 231.88484677570972 181.20492573792066 280.8848467757097
frame_001720 1 150.7811495556816 231.60720363017583 179.7811495556816 280.60720363017583
frame_001721 1 147.67469204927212 230.40649496080627 178.67469204927212 280.4064949608063
frame_001722 1 147.342287694974 230.5742345465049 176.342287694974 280.5742345465049
frame_001723 1 144.41887125220458 229.80619243582206 175.41887125220458 279.806192435822
frame_001724 1 143.4125432702097 229.92934229281204 173.4125432702097 279.92934229281207
frame_001725 1 142.55752212389382 230.30362410450905 171.55752212389382 279.303624104509
frame_001726 1 141.69700967458223 231.10444151275286 169.69700967458223 279.1044415127528
frame_001727 1 140.09829909432293 230.7159266622487 168.09829909432293 278.7159266622487
frame_001728 1 139.0516304347826 230.0258152173913 166.0516304347826 279.0258152173913
frame_001729 1 136.9415164123902 229.62783171521033 164.9415164123902 278.62783171521033
frame_001730 1 136.32041635314772 233.6891146225232 163.32041635314772 276.6891146225232
frame_001731 1 134.5740463724757 234.0007479431563 161.5740463724757 276.0007479431563
frame_001732 1 132.32500603427468 230.4806903210234 159.32500603427468 277.4806903210234
frame_001733 1 131.04488112566713 228.85589519650654 158.04488112566713 277.85589519650654
frame_001734 1 129.39982728842833 231.6586479151246 156.39982728842833 276.65864791512456
frame_001735 1 126.4282973621103 230.31175059952037 155.4282973621103 276.31175059952034
frame_001736 1 123.50364298724952 230.08128415300547 154.50364298724952 276.08128415300547
frame_001737 1 121.66063449508488 228.44436997319036 152.66063449508488 276.44436997319036
frame_001738 1 120.31668915879442 229.37089518668463 151.31668915879442 276.3708951866846
frame_001739 1 118.04740061162079 229.0919615552643 150.0474006116208 276.09196155526433
frame_001740 1 117.66451335055984 228.9866494401378 147.66451335055984 276.9866494401378
frame_001741 1 116.31054131054131 229.2130177514793 146.3105413105413 277.2130177514793
frame_001742 1 116.30241480478446 231.1709546377793 144.30241480478446 276.1709546377793
frame_001743 1 114.92519774011299 231.43084745762712 142.925197740113 276.4308474576271
frame_001744 1 113.4996632996633 231.13075196408528 141.4996632996633 276.1307519640853
frame_001745 1 112.14411441144114 230.9203520352035 140.14411441144114 274.9203520352035
frame_001746 1 112.07015161801311 230.85256845440142 138.0701516180131 273.8525684544014
frame_001747 1 110.90678153302406 229.27877181356305 136.90678153302406 273.278771813563
frame_001748 1 109.01470272590683 228.04078128353723 136.01470272590683 272.0407812835372
frame_001749 1 106.42867450010307 225.53061224489795 135.42867450010306 271.53061224489795
frame_001750 1 103.85004916420844 224.28574237954768 134.85004916420843 270.2857423795477
frame_001751 1 102.92827004219409 223.5135623869801 132.92827004219407 269.5135623869801
frame_001752 1 100.78725490196078 222.19058823529411 131.78725490196078 269.1905882352941
frame_001753 1 99.62045813586097 221.60505529225907 130.62045813586099 268.60505529225907
frame_001754 1 98.36650727236501 221.24616457461644 129.36650727236503 268.24616457461644
frame_001755 1 96.2144003208985 221.2964300040112 129.2144003208985 267.2964300040112
frame_001756 1 95.6837027914614 221.71428571428572 127.6837027914614 266.7142857142857
frame_001757 1 95.1850327211315 221.78562381253957 126.1850327211315 266.7856238125396
frame_001758 1 94.9481922398589 222.81701940035273 124.9481922398589 266.8170194003527
frame_001759 1 94.92584987451517 224.20773442847366 122.92584987451517 267.20773442847366
frame_001760 1 93.84564067172761 224.188060731539 121.84564067172761 267.188060731539
frame_001761 1 92.66781927155371 225.25864453665284 120.66781927155371 267.2586445366528
frame_001762 1 92.23080625752105 225.75956678700362 118.23080625752105 267.7595667870036
frame_001763 1 91.81768094164786 225.79864763335837 115.81768094164786 267.79864763335837
frame_001764 1 90.83829287392325 227.0610806577917 113.83829287392325 267.0610806577917
frame_001765 1 89.63532651455547 226.69118804091266 112.63532651455547 267.69118804091266
frame_001766 1 89.14722445695897 226.5638240815232 111.14722445695897 267.5638240815232
frame_001767 1 88.7236663958841 225.696452748443 109.7236663958841 267.696452748443
frame_001768 1 87.22353603603602 226.21677927927925 109.22353603603602 266.21677927927925
frame_001769 1 86.021090112298 226.111613256642 108.021090112298 265.111613256642
frame_001770 1 84.95438307227259 225.29128881560868 106.95438307227259 265.2912888156087
frame_001771 1 83.58373205741627 225.02684742158422 106.58373205741627 265.0268474215842
frame_001772 1 82.00752688172042 224.4774193548387 106.00752688172042 264.47741935483873
frame_001773 1 80.8608672519287 224.16227720138332 104.8608672519287 264.1622772013833
frame_001774 1 79.23713380839271 224.31525468461334 104.23713380839271 263.31525468461336
frame_001775 1 78.57539994754787 224.10136375557303 102.57539994754787 263.10136375557306
frame_001776 1 77.56211758446395 223.889731311519 101.56211758446395 262.889731311519
frame_001777 1 76.56200317965023 223.67991520932696 100.56200317965023 262.67991520932696
frame_001778 1 75.39187383052659 224.6502272119754 99.39187383052659 261.6502272119754
frame_001779 1 74.28386428386428 224.16187516187514 98.28386428386428 262.1618751618752
frame_001780 1 73.59942481511915 224.3178581210627 96.59942481511915 261.3178581210627
frame_001781 1 72.48925597636314 223.43620735965618 95.48925597636314 261.4362073596562
frame_001782 1 71.33892438764643 223.03993610223642 94.33892438764643 262.0399361022364
frame_001783 1 70.63946360153257 222.77343550446997 93.63946360153257 262.77343550446994
frame_001784 1 69.09243480506068 222.85114898011875 93.09243480506068 261.85114898011875
frame_009439 1 534.5948679990131 141.91228719467063 582.5948679990131 199.91228719467063
frame_009440 1 531.3814526149328 137.47791709025188 579.3814526149328 203.47791709025188
frame_009441 1 534.6436925647452 136.32891753192504 573.6436925647452 204.32891753192504
frame_009442 1 524.9130886426593 138.96283471837486 574.9130886426593 199.96283471837486
frame_009443 1 521.1932859643703 137.83297291731023 571.1932859643703 205.83297291731023
frame_009444 1 518.3315166614761 138.32720855392918 567.3315166614761 204.32720855392918
frame_009445 1 513.6625661787605 142.81999377141076 564.6625661787605 202.81999377141076
frame_009446 1 511.16153766449065 141.77898663350948 561.1615376644907 201.77898663350948
frame_009447 1 507.5718835304823 141.54953998584568 558.5718835304823 202.54953998584568
frame_009448 1 504.35374253013265 141.3939025625443 555.3537425301326 201.3939025625443
frame_009449 1 501.4309530835054 139.58507917773184 552.4309530835054 202.58507917773184
frame_009450 1 497.405045351474 137.99461451247166 549.405045351474 202.99461451247166
frame_009451 1 494.5606741573034 137.91638576779025 546.5606741573034 202.91638576779025
frame_009452 1 491.6091922005571 135.4497678737233 543.6091922005571 202.4497678737233
frame_009453 1 488.2452312516332 132.55652817698805 541.2452312516332 203.55652817698805
frame_009454 1 485.3914462081128 131.77936507936508 538.3914462081128 203.77936507936508
frame_009455 1 482.2281001137656 132.09573816399754 535.2281001137655 204.09573816399754
frame_009456 1 480.90186580552563 131.66280947255112 530.9018658055256 202.66280947255112
frame_009457 1 475.2696669345477 132.3803464595053 529.2696669345477 203.3803464595053
frame_009458 1 472.21153846153845 133.3815496098105 525.2115384615385 203.3815496098105
frame_009459 1 470.47482014388487 133.61918465227816 520.4748201438849 203.61918465227816
frame_009460 1 467.4560858514544 133.2954909159371 517.4560858514544 203.2954909159371
frame_009461 1 463.6069696969697 135.77878787878788 514.6069696969697 203.77878787878788
frame_009462 1 460.12387898433275 143.30097244732576 511.12387898433275 198.30097244732576
frame_009463 1 457.36087187666135 139.00760233918126 507.36087187666135 202.00760233918126
frame_009464 1 455.5838570956004 138.02899988973425 503.5838570956004 202.02899988973425
frame_009465 1 451.4638499258752 143.83025430493785 500.4638499258752 198.83025430493785
frame_009466 1 448.0589225589225 144.8063973063973 497.0589225589225 197.8063973063973
frame_009467 1 443.75690890481064 144.19447287615148 494.75690890481064 198.19447287615148
frame_009468 1 443.3041380142357 139.7712631197973 491.3041380142357 201.7712631197973
frame_009469 1 439.5115104533709 137.51937984496124 488.5115104533709 201.51937984496124
frame_009470 1 439.1652592071311 135.96000469153176 484.1652592071311 200.96000469153176
frame_009471 1 432.91521836007126 134.5837789661319 482.91521836007126 200.5837789661319
frame_009472 1 429.61450252951096 134.43243395165823 479.61450252951096 199.43243395165823
frame_009473 1 425.83426867765695 133.76604700105227 476.83426867765695 199.76604700105227
frame_009474 1 423.3354408148929 133.71841704718418 473.3354408148929 199.71841704718418
frame_009475 1 420.1371336230915 132.60007801181322 469.1371336230915 199.60007801181322
frame_009476 1 417.03618072714437 132.89787033768678 466.03618072714437 198.89787033768678
frame_009477 1 413.68698076704214 132.56390121770795 462.68698076704214 198.56390121770795
frame_009478 1 410.17263955892486 131.8749138525155 459.17263955892486 198.8749138525155
frame_009479 1 406.23315241971954 131.96178199909542 456.23315241971954 197.96178199909542
frame_009480 1 404.45684627944945 131.23256356426404 452.45684627944945 198.23256356426404
frame_009481 1 403.504677498769 131.1923929098966 447.504677498769 197.1923929098966
frame_009482 1 399.7132888724218 130.70952204520194 444.7132888724218 196.70952204520194
frame_009483 1 397.2998034880864 129.89867354458363 440.2998034880864 196.89867354458363
frame_009484 1 393.9831136220966 129.7969868173258 436.9831136220966 195.7969868173258
frame_009485 1 390.17344589409055 130.25556408288566 434.17344589409055 195.25556408288566
frame_009486 1 384.59583186980444 128.43297037817584 430.59583186980444 192.43297037817584
frame_009487 1 382.4889616690926 127.72780203784572 426.4889616690926 192.72780203784572
frame_009488 1 378.7102225395692 126.1241223372605 422.7102225395692 192.1241223372605
frame_009489 1 377.8436616254764 125.18019181113979 418.8436616254764 194.1801918111398
frame_009490 1 373.4178532311062 125.33686260192283 416.4178532311062 193.33686260192283
frame_009491 1 365.96013745704465 123.41237113402062 414.96013745704465 193.41237113402062
frame_009492 1 362.89705713958546 122.08158708347648 412.89705713958546 193.08158708347648
frame_009493 1 358.473075704783 120.97370921761166 407.473075704783 190.97370921761166
frame_009494 1 354.183496371095 120.56763437467129 403.183496371095 191.5676343746713
frame_009495 1 348.4231220657277 120.39671361502349 399.4231220657277 191.3967136150235
frame_009496 1 346.88269366374533 120.53707061549309 395.88269366374533 189.5370706154931
frame_009497 1 342.92271662763466 120.98594847775175 391.92271662763466 188.98594847775175
frame_009498 1 340.30544447862195 122.2730441915308 388.30544447862195 188.2730441915308
frame_009499 1 335.4615019462641 122.03223203265924 385.4615019462641 187.03223203265924
frame_009500 1 332.67705073494545 121.65343764817447 381.67705073494545 186.65343764817447
frame_009501 1 329.6360084159904 118.80327622482716 379.6360084159904 187.80327622482716
frame_009502 1 326.431428300635 116.2241019808549 376.431428300635 187.2241019808549
frame_009503 1 323.68550323176356 114.22973222530007 372.68550323176356 187.22973222530007
frame_009504 1 319.4307706489675 113.913255899705 370.4307706489675 185.913255899705
frame_009505 1 316.061037318153 113.59550917141047 367.061037318153 186.59550917141047
frame_009506 1 314.1388340385519 113.44278326281147 363.1388340385519 185.44278326281147
frame_009507 1 309.888950378159 113.40555248109203 359.888950378159 185.40555248109203
frame_009508 1 306.3889832908524 113.51500991220618 357.3889832908524 184.51500991220618
frame_009509 1 303.78470853280766 113.31925279264055 352.78470853280766 185.31925279264055
frame_009510 1 300.47305506564766 113.70242994317067 350.47305506564766 183.70242994317067
frame_009511 1 296.47495238095235 113.36590476190474 347.47495238095235 184.36590476190474
frame_009512 1 294.53720019579043 112.82980910425843 343.53720019579043 183.82980910425843
frame_009513 1 290.43393132716045 112.93373842592592 340.43393132716045 183.93373842592592
frame_009514 1 290.8482434640523 112.49918300653593 334.8482434640523 182.49918300653593
frame_009515 1 286.716324889425 112.31162042621631 332.716324889425 183.3116204262163
frame_009516 1 284.47441046236224 112.5960251261456 328.47441046236224 182.5960251261456
frame_009517 1 280.5537470844742 112.42226954669911 325.5537470844742 182.4222695466991
frame_009518 1 274.7741575314657 112.24857896873732 324.7741575314657 182.24857896873732
frame_009519 1 273.76814345991556 111.459388185654 320.76814345991556 181.459388185654
frame_009520 1 271.4525959367946 111.39438890680427 316.4525959367946 181.39438890680427
frame_009521 1 268.89872331294924 111.65588456174228 312.89872331294924 180.65588456174228
frame_009522 1 265.96806722689075 110.87266106442576 309.96806722689075 179.87266106442576
frame_009523 1 262.0932479496686 111.34816312773845 308.0932479496686 179.34816312773845
frame_009524 1 259.7975530932594 110.3831948291782 303.7975530932594 179.3831948291782
frame_009525 1 256.3600044637875 111.19824796339694 300.3600044637875 180.19824796339694
frame_009526 1 254.21645480225988 111.66337099811676 297.2164548022599 179.66337099811676
frame_009527 1 249.15991316931985 112.21575012059816 296.15991316931985 179.21575012059816
frame_009528 1 245.78520955165692 113.69761208576998 292.7852095516569 178.69761208576998
frame_009529 1 242.5880409028557 114.88826536974685 289.5880409028557 178.88826536974685
frame_009530 1 240.1219797349961 114.46947259028317 286.1219797349961 179.46947259028317
frame_009531 1 242.56561791383217 115.04818594104307 279.56561791383217 179.04818594104307
frame_009532 1 239.75188734030195 115.77076074332169 275.75188734030195 177.7707607433217
frame_009533 1 236.36227991644282 116.50402864816473 273.36227991644284 179.50402864816473
frame_009534 1 233.0863958736299 119.16231463571887 271.0863958736299 178.16231463571887
frame_009535 1 229.96030167412562 122.97182164760483 266.9603016741256 176.97182164760483
frame_009536 1 226.01062488744822 126.98388258598953 264.0106248874482 175.98388258598953
frame_009537 1 222.77911832946637 114.75552977571536 260.77911832946637 179.75552977571536
frame_009538 1 216.27974186307517 112.26809764309763 260.2797418630752 177.26809764309763
frame_009539 1 213.64453551912567 110.9142076502732 256.64453551912567 176.9142076502732
frame_009540 1 211.4648020537765 110.36724766923388 253.4648020537765 176.36724766923388
frame_009541 1 208.49178172255094 110.27324128862588 250.49178172255094 176.27324128862588
frame_009542 1 205.49980491611393 109.48744960332942 247.49980491611393 175.48744960332942
frame_009543 1 203.52563053851395 109.54328561690525 244.52563053851395 175.54328561690525
frame_009544 1 200.61630794701986 109.77083333333331 241.61630794701986 174.77083333333331
frame_009545 1 196.72015241320915 109.97953711543889 239.72015241320915 174.9795371154389
frame_009546 1 196.51302083333331 112.3782169117647 235.51302083333331 175.3782169117647
frame_009547 1 194.0256474519632 116.15104427736006 233.0256474519632 174.15104427736006
frame_009548 1 189.5343086032741 120.12991988854057 231.5343086032741 173.12991988854057
frame_009549 1 185.36716049382716 120.11506172839506 228.36716049382716 172.11506172839506
frame_009550 1 157.91692168196758 119.91930182477614 229.91692168196758 175.91930182477614
frame_009551 1 155.23119983100972 118.0424588086185 227.23119983100972 176.0424588086185
frame_009552 1 152.2731815657968 117.63899685359985 223.2731815657968 175.63899685359985
frame_009553 1 151.33875114784203 117.27190082644628 219.33875114784203 176.27190082644628
frame_009554 1 149.53911799981546 117.82152412584185 216.53911799981546 174.82152412584185
frame_009555 1 149.80178206251827 117.8692180348622 212.80178206251827 173.8692180348622
frame_009556 1 148.63691560412872 117.45446265938068 210.63691560412872 173.45446265938068
frame_009557 1 148.228130539047 117.88901053070586 206.228130539047 174.88901053070586
frame_009558 1 148.22288163534455 118.87657984393888 202.22288163534455 174.87657984393888
frame_009559 1 146.82940002348244 123.55359868498297 198.82940002348244 171.55359868498297
frame_009560 1 146.29827844311376 123.58720059880238 196.29827844311376 171.58720059880238
frame_009561 1 146.38080495356039 120.99535603715171 192.38080495356039 173.9953560371517
frame_009562 1 144.52276357827475 121.64124068157614 189.52276357827475 172.64124068157614
frame_009563 1 142.88527960526315 121.44832785087718 187.88527960526315 172.44832785087718
frame_009564 1 123.54618022072216 121.09493196185576 188.54618022072216 171.09493196185576
frame_009565 1 123.89868147120055 122.65209345362015 186.89868147120055 169.65209345362015
frame_009566 1 121.81893991318253 114.51370801919123 183.81893991318253 173.51370801919123
frame_009567 1 138.9692718770875 112.73847695390782 177.9692718770875 170.73847695390782
frame_009568 1 140.0019513925847 112.18919638105376 174.0019513925847 169.18919638105376
frame_009569 1 139.76342182890855 112.27708947885938 171.76342182890855 168.27708947885938
frame_009570 1 138.31725888324874 113.70494923857868 169.31725888324874 166.70494923857868
frame_009571 1 137.62641898864808 114.41150670794633 167.62641898864808 165.41150670794633
frame_009572 1 117.62041573867853 103.39383815887155 164.62041573867853 168.39383815887155
frame_009573 1 123.15364396654718 96.24540023894862 161.15364396654718 158.2454002389486
frame_009574 1 124.85524180460888 97.30136319376825 146.85524180460888 140.30136319376825
frame_009575 1 124.69953977646284 97.68441814595661 144.69953977646284 140.6844181459566
frame_009576 1 120.48864298194525 100.29955348476022 144.48864298194525 166.29955348476022
frame_009577 1 121.894909227026 100.77521991390603 142.894909227026 166.77521991390603
frame_009578 1 120.83484208408771 102.28253872460269 142.8348420840877 167.2825387246027
frame_009579 1 119.82495704467354 102.47057560137455 142.82495704467354 167.47057560137455
frame_009580 1 120.42411347517731 126.40248226950354 141.4241134751773 167.40248226950354
frame_009581 1 120.27491408934708 132.66752577319588 140.27491408934708 164.66752577319588
frame_009582 1 119.19970193740684 138.65772478887232 139.19970193740684 162.65772478887232
frame_009583 1 118.0326697294538 138.81316998468606 138.0326697294538 162.81316998468606
frame_009584 1 118.13630613535736 138.90322580645162 137.13630613535736 160.90322580645162
frame_010370 1 538.8658397932817 217.78733850129197 580.8658397932817 280.78733850129197
frame_010371 1 535.7698605215282 217.74802910855064 577.7698605215282 280.74802910855067
frame_010372 1 532.6262837770465 217.84410210389868 574.6262837770465 280.84410210389865
frame_010373 1 528.9618127786033 217.98519068845962 571.9618127786033 280.9851906884596
frame_010374 1 526.0622103914029 217.6622301094351 568.0622103914029 281.6622301094351
frame_010375 1 522.4260023584906 217.9758254716981 565.4260023584906 281.9758254716981
frame_010376 1 519.3437075819274 218.2303664921466 561.3437075819274 283.2303664921466
frame_010377 1 515.5881782945736 219.1075581395349 557.5881782945736 284.1075581395349
frame_010378 1 512.1364752086401 220.52390770741286 554.1364752086401 284.52390770741283
frame_010379 1 509.42235528942115 221.4078842315369 549.4223552894211 285.4078842315369
frame_010380 1 505.6157549682441 222.84275763163285 545.6157549682441 285.8427576316328
frame_010381 1 502.33646028767976 223.14613299979152 541.3364602876798 287.1461329997915
frame_010382 1 499.63984425697595 223.83874107722258 536.639844256976 287.8387410772226
frame_010383 1 496.9430745307119 224.81800510940798 531.9430745307119 287.818005109408
frame_010384 1 494.6575028636884 224.26723940435278 526.6575028636885 288.2672394043528
frame_010385 1 491.70476858345023 223.19308087891537 522.7047685834502 288.19308087891534
frame_010386 1 488.0583984837716 222.43532338308458 519.0583984837716 288.43532338308455
frame_010387 1 483.6960750260507 222.21587356721085 515.6960750260507 289.21587356721085
frame_010388 1 479.7819713758079 221.48880424746073 512.7819713758079 288.48880424746073
frame_010389 1 476.69172413793103 220.30183908045976 508.69172413793103 288.3018390804598
frame_010390 1 472.92100456621 218.9464611872146 504.92100456621 287.9464611872146
frame_010391 1 469.61151475121085 217.38661382650812 501.61151475121085 287.3866138265081
frame_010392 1 466.5868537031065 214.85015586369985 497.5868537031065 286.85015586369985
frame_010393 1 462.00480918399006 213.69505636570483 495.00480918399006 286.69505636570483
frame_010394 1 458.3508230452674 213.3838477366255 491.3508230452674 286.3838477366255
frame_010395 1 453.6168082524272 212.11620145631068 488.6168082524272 287.1162014563107
frame_010396 1 449.17903241698684 211.92959897526848 485.17903241698684 286.9295989752685
frame_010397 1 445.38502725856694 211.80480919003114 481.38502725856694 286.80480919003116
frame_010398 1 441.54488862951075 210.9630386149207 477.54488862951075 286.9630386149207
frame_010399 1 436.77187316500294 211.20091994519473 473.77187316500294 288.20091994519476
frame_010400 1 433.16783557373856 211.35057471264366 469.16783557373856 288.35057471264366
frame_010401 1 430.1867421983701 212.2489564698867 464.1867421983701 288.2489564698867
frame_010402 1 426.97758223339616 214.5134087575948 458.97758223339616 288.5134087575948
frame_010403 1 422.3274717294325 214.63134142545908 455.3274717294325 289.6313414254591
frame_010404 1 419.0656376676021 214.90723417524165 450.0656376676021 289.9072341752417
frame_010405 1 415.2488452035664 215.96433558921473 446.2488452035664 289.9643355892147
frame_010406 1 412.26258992805754 216.58687595378242 442.26258992805754 289.5868759537824
frame_010407 1 408.1022484541877 217.51000562113546 439.1022484541877 288.51000562113546
frame_010408 1 404.3379553207879 216.6427863981512 434.3379553207879 288.6427863981512
frame_010409 1 399.32388888888886 216.9842222222222 432.32388888888886 287.98422222222223
frame_010410 1 394.8509583608724 217.25831680987 429.8509583608724 288.25831680987
frame_010411 1 389.8793320730939 217.68683049779457 426.8793320730939 287.6868304977946
frame_010412 1 384.5918694302593 216.42400120156202 424.5918694302593 287.424001201562
frame_010413 1 380.2478226444972 215.57125890736341 421.2478226444972 286.5712589073634
frame_010414 1 375.5631186905812 215.6087425267078 418.5631186905812 285.60874252670783
frame_010415 1 372.0103606296074 215.83193863319386 414.0103606296074 284.8319386331939
frame_010416 1 367.42082581679693 215.75886951292844 410.42082581679693 284.7588695129284
frame_010417 1 364.1432685385169 216.09014707394834 406.1432685385169 283.09014707394834
frame_010418 1 360.15543629497114 214.66577221228383 402.15543629497114 282.66577221228385
frame_010419 1 356.03486790986784 213.87645687645687 398.03486790986784 281.87645687645687
frame_010420 1 351.7963646691281 211.99337309476473 393.7963646691281 283.9933730947647
frame_010421 1 348.01435132032145 212.5802717183314 389.01435132032145 284.5802717183314
frame_010422 1 343.4805693189546 213.8498979889245 384.4805693189546 283.8498979889245
frame_010423 1 339.92039355992847 213.5397535281256 378.92039355992847 283.53975352812563
frame_010424 1 335.808972073678 213.8186769657358 373.808972073678 283.8186769657358
frame_010425 1 332.66943115364165 214.92939925571503 368.66943115364165 282.929399255715
frame_010426 1 328.90910569105694 216.76395663956637 363.90910569105694 283.76395663956635
frame_010427 1 325.59991009215554 216.8832321870083 358.59991009215554 284.8832321870083
frame_010428 1 321.79028852920476 218.49988271170537 352.79028852920476 283.49988271170537
frame_010429 1 318.65596440596437 218.21103896103895 347.65596440596437 285.211038961039
frame_010430 1 315.19296951819075 218.86688790560473 343.19296951819075 284.8668879056047
frame_010431 1 310.81393298059965 218.33068783068782 339.81393298059965 287.3306878306878
frame_010432 1 305.49508964257166 218.3092954208062 336.49508964257166 287.30929542080617
frame_010433 1 300.46855131698453 218.07391008174386 334.46855131698453 288.07391008174386
frame_010434 1 295.85361730899257 217.7267297723687 331.85361730899257 287.7267297723687
frame_010435 1 291.217641025641 215.3833846153846 329.217641025641 288.3833846153846
frame_010436 1 285.33072836857696 215.10598631116557 326.33072836857696 288.10598631116557
frame_010437 1 281.1377696377696 212.36243386243385 324.1377696377696 287.3624338624338
frame_010438 1 275.00856307435254 208.38784461152883 323.00856307435254 286.38784461152886
frame_010439 1 268.5289896946932 207.8660310122315 319.5289896946932 283.8660310122315
frame_010440 1 263.27787842190014 205.7212157809984 315.27787842190014 280.72121578099836
frame_010441 1 260.1718321737297 205.4087075690491 312.1718321737297 278.4087075690491
frame_010442 1 257.1128657118374 203.041559554413 307.1128657118374 276.04155955441297
frame_010443 1 251.5718838526912 199.6673748819641 302.5718838526912 273.66737488196407
frame_010444 1 249.18429807052564 197.78254601907295 296.18429807052564 274.7825460190729
frame_010445 1 248.20074933526706 203.56429780033838 290.20074933526706 268.5642978003384
frame_010446 1 246.02240789973416 204.7093935941258 286.02240789973416 265.7093935941258
frame_010447 1 243.64843655680306 204.06422793673786 281.64843655680306 266.0642279367379
frame_010448 1 240.56821705426353 203.54772978959025 277.5682170542635 268.5477297895902
frame_010449 1 237.3736875596564 206.69970304380104 274.3736875596564 271.69970304380104
frame_010450 1 233.8820413017623 207.48907990052976 269.88204130176234 272.48907990052976
frame_010451 1 230.24709210939955 206.9690348946872 268.24709210939955 273.9690348946872
frame_010452 1 226.35436382754995 207.5446898002103 264.35436382754995 273.54468980021034
frame_010453 1 224.8541898749845 207.40889961628912 258.8541898749845 276.4088996162891
frame_010454 1 219.70328719723184 211.53503460207614 255.70328719723184 264.53503460207617
frame_010455 1 216.11078825808374 211.1016987036209 251.11078825808374 264.1016987036209
frame_010456 1 211.77841149133926 208.6053372764399 248.77841149133926 269.6053372764399
frame_010457 1 207.9 207.95773420479304 242.9 263.95773420479304
frame_010458 1 204.23076923076923 201.34533799533799 240.23076923076923 283.345337995338
frame_010459 1 200.14568841779837 200.01882521806334 237.14568841779837 285.01882521806334
frame_010460 1 176.32785299806577 193.42142166344294 240.32785299806577 281.42142166344297
frame_010461 1 175.60546555391915 191.74554082801504 236.60546555391915 281.745540828015
frame_010462 1 174.42797494780794 194.0332289491997 232.42797494780794 274.0332289491997
frame_010463 1 174.2427136579679 194.43372791677876 229.2427136579679 273.43372791677876
frame_010464 1 173.4434283665053 194.11619150080688 226.4434283665053 275.11619150080685
frame_010465 1 172.52960763138947 193.66927645788337 222.52960763138947 276.66927645788337
frame_010466 1 167.74596026490067 190.5469315673289 221.74596026490067 280.5469315673289
frame_010467 1 165.6097292052571 193.12207815118637 220.6097292052571 283.1220781511864
frame_010468 1 163.01070916603422 193.48612867864068 219.01070916603422 285.4861286786407
frame_010469 1 158.27962264150943 190.9130398322851 217.27962264150943 284.9130398322851
frame_010470 1 152.1685905478879 189.37298201589292 215.1685905478879 283.37298201589294
frame_010471 1 144.69941582580987 187.07771286953442 216.69941582580987 283.0777128695344
frame_010472 1 150.1246105919003 189.5146632291331 200.1246105919003 269.51466322913313
frame_010473 1 142.3557299843014 188.70319204604917 212.3557299843014 282.70319204604914
frame_010474 1 145.1485639686684 194.8930374238468 188.1485639686684 247.8930374238468
frame_010475 1 142.4823190024195 194.4934859482598 187.4823190024195 247.4934859482598
frame_010476 1 139.09309021113245 195.3533802516528 186.09309021113245 247.3533802516528
frame_010477 1 136.440009854644 196.6489283074649 184.440009854644 246.6489283074649
frame_010478 1 135.8962962962963 197.04115226337447 162.8962962962963 225.04115226337447
frame_010479 1 135.0251419302514 198.07542579075425 162.0251419302514 226.07542579075425
frame_010480 1 133.820007301935 197.0872581234027 159.820007301935 231.0872581234027
frame_010481 1 129.95688991531946 199.90531177829098 160.95688991531946 232.90531177829098
frame_010482 1 124.3693449149475 206.67788635541078 159.3693449149475 238.67788635541078
frame_010483 1 119.23750855578368 209.27857631759068 159.23750855578368 245.27857631759068
frame_010484 1 117.04479578392619 209.22727272727272 159.0447957839262 245.22727272727272
frame_010485 1 114.59105851413543 209.18540433925048 157.59105851413543 244.18540433925048
frame_010486 1 105.79778287461772 192.70374617737002 151.79778287461772 247.70374617737002
frame_010487 1 102.95677592486102 191.62794709603222 145.956775924861 247.62794709603222
frame_010488 1 101.53041095890411 190.27415525114154 141.5304109589041 248.27415525114154
frame_010489 1 101.71149072857351 184.50116805373045 141.7114907285735 261.50116805373045
frame_010490 1 100.73928571428571 184.01815476190475 137.7392857142857 259.0181547619047
frame_010491 1 98.29308797127469 182.62028725314184 136.2930879712747 256.62028725314184
frame_010492 1 96.99591542527631 183.08097068716964 131.9959154252763 256.0809706871696
frame_010493 1 96.91350418925579 183.39650073928044 129.91350418925578 254.39650073928044
frame_010494 1 97.23818108974358 187.2716346153846 126.23818108974358 245.2716346153846
frame_010495 1 95.75725432821262 193.33760058522313 124.75725432821262 234.33760058522313
frame_010496 1 96.82297063903282 198.02043753598156 123.82297063903282 232.02043753598156
frame_010497 1 96.90553549939831 199.04091456077015 123.90553549939831 232.04091456077015
frame_010498 1 96.63811489508083 200.86102511179908 122.63811489508083 230.86102511179908
frame_010499 1 98.5584063412599 202.68272841051314 121.5584063412599 231.68272841051314
frame_010500 1 99.25987841945289 203.80192502532927 119.25987841945289 231.80192502532927
frame_012505 1 543.340563337852 135.34093990058744 575.340563337852 198.34093990058744
frame_012506 1 540.4884604148407 134.3786152497809 573.4884604148407 197.3786152497809
frame_012507 1 537.5395050685748 135.63819320214668 570.5395050685748 196.63819320214668
frame_012508 1 533.976383265857 144.55280026990553 567.976383265857 193.55280026990553
frame_012509 1 530.2515181355653 144.11742983751847 565.2515181355653 193.11742983751847
frame_012510 1 528.2530612244898 144.53078231292517 561.2530612244898 192.53078231292517
frame_012511 1 524.6018654884634 144.45557191948944 558.6018654884634 192.45557191948944
frame_012512 1 521.3497818059751 143.51527358173882 555.3497818059751 192.51527358173882
frame_012513 1 517.9430631526603 142.5596718050721 552.9430631526603 193.5596718050721
frame_012514 1 514.7044871794872 139.79759615384614 549.7044871794872 193.79759615384614
frame_012515 1 512.369976359338 134.06205673758865 546.369976359338 195.06205673758865
frame_012516 1 509.140655105973 130.55216074869253 543.140655105973 194.55216074869253
frame_012517 1 506.7009531374107 129.74066719618745 539.7009531374107 195.74066719618745
frame_012518 1 504.45869622591704 129.29836368434943 537.458696225917 194.29836368434943
frame_012519 1 501.0830674701642 129.30308401276145 535.0830674701642 197.30308401276145
frame_012520 1 497.9397683397683 127.90566280566279 531.9397683397683 194.90566280566279
frame_012521 1 494.84680272108835 130.94231292517006 528.8468027210884 196.94231292517006
frame_012522 1 490.75243357011306 129.18574059458035 525.752433570113 196.18574059458035
frame_012523 1 488.14598080855745 141.3169734151329 522.1459808085574 193.3169734151329
frame_012524 1 484.3572170301142 144.50588438906195 518.3572170301143 192.50588438906195
frame_012525 1 481.7443583118001 147.00878552971577 513.7443583118002 193.00878552971577
frame_012526 1 478.959624174708 148.54223802268493 509.959624174708 192.54223802268493
frame_012527 1 475.5923321613929 147.30654612422566 507.5923321613929 195.30654612422566
frame_012528 1 472.21669327656554 150.28419372006385 503.21669327656554 194.28419372006385
frame_012529 1 468.2079065588499 150.9205750224618 500.2079065588499 192.9205750224618
frame_012530 1 465.1029465930018 150.88029465930018 497.1029465930018 192.88029465930018
frame_012531 1 460.2276401335441 149.61140397118257 495.2276401335441 194.61140397118257
frame_012532 1 458.1145064980681 148.53371970495257 490.1145064980681 194.53371970495257
frame_012533 1 454.24735202492207 137.0632398753894 486.24735202492207 200.0632398753894
frame_012534 1 450.6265098039215 135.608 482.6265098039215 197.608
frame_012535 1 445.8985 134.28266666666667 479.8985 196.28266666666667
frame_012536 1 443.04924953095684 133.71357098186365 476.04924953095684 195.71357098186365
frame_012537 1 437.2321255032625 132.26232125503262 475.2321255032625 197.26232125503262
frame_012538 1 433.4033631332482 131.3361714204626 472.4033631332482 195.3361714204626
frame_012539 1 429.84735202492203 130.68833191730388 468.84735202492203 195.68833191730388
frame_012540 1 426.3268937820246 128.98151225592022 465.3268937820246 195.98151225592022
frame_012541 1 410.5113980841518 130.3290287377228 469.5113980841518 197.3290287377228
frame_012542 1 407.4299481097109 129.72337533975784 465.4299481097109 196.72337533975784
frame_012543 1 414.8478380991849 130.5371598287056 455.8478380991849 195.5371598287056
frame_012544 1 400.8958998935037 130.99587326943555 458.8958998935037 195.99587326943555
frame_012545 1 397.4531849577897 131.0556408288565 455.4531849577897 196.0556408288565
frame_012546 1 394.45352817272243 131.7817272248552 451.45352817272243 193.7817272248552
frame_012547 1 403.2253500148942 130.29475722371163 439.2253500148942 192.29475722371163
frame_012548 1 398.36133572926025 130.03713686732553 436.36133572926025 192.03713686732553
frame_012549 1 394.92962803389344 132.47271291110152 432.92962803389344 191.47271291110152
frame_012550 1 391.04080459770114 131.3668103448276 429.04080459770114 191.3668103448276
frame_012551 1 389.6584557764333 124.36588879285506 423.6584557764333 195.36588879285506
frame_012552 1 385.78645187938866 120.85763458625911 419.78645187938866 192.8576345862591
frame_012553 1 383.0987380856491 120.70210766545844 416.0987380856491 192.70210766545844
frame_012554 1 379.27996781979084 119.41847680343255 413.27996781979084 191.41847680343255
frame_012555 1 375.74680272108844 118.80353741496597 410.74680272108844 192.80353741496597
frame_012556 1 371.30624392614186 116.65986394557822 406.30624392614186 189.65986394557822
frame_012557 1 367.7192219403165 117.44804880995528 403.7192219403165 188.44804880995528
frame_012558 1 363.72821969696963 116.24798768939394 399.72821969696963 188.24798768939394
frame_012559 1 358.2308156188753 120.55171114126338 394.2308156188753 191.55171114126338
frame_012560 1 355.5259793814433 119.82879725085911 390.5259793814433 190.8287972508591
frame_012561 1 352.0399285623166 119.50012756729174 388.0399285623166 190.50012756729174
frame_012562 1 348.3855437491801 119.8174603174603 384.3855437491801 188.8174603174603
frame_012563 1 344.76263723006394 115.57889974665218 379.76263723006394 188.57889974665218
frame_012564 1 340.56598780347485 113.12271315153606 376.56598780347485 188.12271315153606
frame_012565 1 337.357035121741 112.68530489118723 373.357035121741 187.68530489118723
frame_012566 1 334.50289575289577 112.08440583440583 369.50289575289577 187.08440583440583
frame_012567 1 330.50738297203895 111.6824274793172 366.50738297203895 186.6824274793172
frame_012568 1 327.969552302143 111.17462338213451 361.969552302143 185.1746233821345
frame_012569 1 323.50441191736735 111.41404546870135 359.50441191736735 184.41404546870135
frame_012570 1 319.64259763851044 110.51301846805933 356.64259763851044 185.51301846805933
frame_012571 1 315.6947537365834 110.41694252181765 353.6947537365834 185.41694252181765
frame_012572 1 305.7204032556419 111.4193488716241 353.7204032556419 186.4193488716241
frame_012573 1 308.728031418753 110.96460481099655 346.728031418753 185.96460481099655
frame_012574 1 298.9795783926218 111.19405232448707 345.9795783926218 186.19405232448707
frame_012575 1 295.6175176898068 110.87540638745457 341.6175176898068 185.87540638745457
frame_012576 1 292.30341147322275 111.34505431675242 338.30341147322275 185.34505431675242
frame_012577 1 288.594149389378 111.44201457919152 334.594149389378 185.44201457919152
frame_012578 1 285.5958031837916 111.8259044862518 330.5958031837916 184.8259044862518
frame_012579 1 281.5757846642829 111.23619388160506 327.5757846642829 184.23619388160506
frame_012580 1 278.5038442083966 111.47526555386949 323.5038442083966 183.4752655538695
frame_012581 1 274.9150675195451 110.9633972992182 319.9150675195451 183.9633972992182
frame_012582 1 271.4247742200328 110.57440476190476 316.4247742200328 183.57440476190476
frame_012583 1 268.195409494001 110.06630151278037 312.195409494001 183.06630151278037
frame_012584 1 264.729375067226 110.16661288587716 308.729375067226 182.16661288587716
frame_012585 1 261.28841835097853 110.2096032509892 305.28841835097853 182.2096032509892
frame_012586 1 263.8477425552353 109.13256484149855 298.8477425552353 181.13256484149855
frame_012587 1 259.9857269167614 109.31255526083112 295.9857269167614 180.31255526083112
frame_012588 1 257.59725459725456 110.24812224812223 291.59725459725456 180.24812224812223
frame_012589 1 248.1312638065341 112.89693058946634 290.1312638065341 181.89693058946634
frame_012590 1 251.36039282181713 111.53935283312137 284.36039282181713 179.53935283312137
frame_012591 1 247.6972377405338 111.92194289261329 280.6972377405338 177.9219428926133
frame_012592 1 245.0133501259446 111.67649034424852 276.0133501259446 178.67649034424852
frame_012593 1 236.77512970168613 117.3848897535668 275.7751297016861 181.3848897535668
frame_012594 1 233.57411310151033 120.87969792764312 272.5741131015103 179.87969792764312
frame_012595 1 230.43777777777777 123.0 268.4377777777778 179.0
frame_012596 1 225.53398692810455 112.55964052287581 264.5339869281046 182.5596405228758
frame_012597 1 221.2146641732897 112.2477793361384 260.2146641732897 182.2477793361384
frame_012598 1 218.03113382899627 111.22583643122675 256.0311338289963 180.22583643122675
frame_012599 1 214.55422515827138 109.48444811450591 252.55422515827138 179.4844481145059
frame_012600 1 212.05169455169454 109.90318890318889 249.05169455169454 177.9031889031889
frame_012601 1 208.78628823224466 109.00298081907724 245.78628823224466 179.00298081907724
frame_012602 1 205.95740445859872 109.07603503184714 242.95740445859872 178.07603503184714
frame_012603 1 203.98191952147906 110.11147362697116 238.98191952147906 176.11147362697116
frame_012604 1 202.06289051888072 112.95395273023635 235.06289051888072 176.95395273023635
frame_012605 1 199.02927170868347 115.45210084033613 233.02927170868347 176.45210084033613
frame_012606 1 196.16229260935143 114.18250377073906 230.16229260935143 176.18250377073906
frame_012607 1 192.318059901654 114.07107733571749 227.318059901654 178.0710773357175
frame_012608 1 195.94298793175196 110.61589679567206 222.94298793175196 175.61589679567206
frame_012609 1 190.46129910540643 110.16452742123687 220.46129910540643 174.16452742123687
frame_012610 1 156.76683214396525 119.16645982004343 221.76683214396525 182.16645982004343
frame_012611 1 154.91493153254547 120.04914650159444 217.91493153254547 182.04914650159444
frame_012612 1 151.58900071159903 121.43890413744026 213.58900071159903 182.43890413744026
frame_012613 1 139.04651767151768 120.24549549549548 215.04651767151768 181.24549549549548
frame_012614 1 136.10913838120103 120.62306353350738 214.10913838120103 181.62306353350738
frame_012615 1 135.20226458129682 120.4017595307918 213.20226458129682 181.4017595307918
frame_012616 1 133.86731692212416 119.82435361511068 212.86731692212416 180.82435361511068
frame_012617 1 131.8883378418996 119.60527502254283 212.8883378418996 181.60527502254283
frame_012618 1 146.98368175002204 121.04397106818382 204.98368175002204 182.04397106818382
frame_012619 1 145.52238739934518 119.55238474471284 204.52238739934518 182.55238474471284
frame_012620 1 148.8790338164251 119.96135265700482 199.8790338164251 182.96135265700482
frame_012621 1 148.3363095238095 118.11894499178982 195.3363095238095 183.11894499178982
frame_012622 1 146.73891462607546 118.15574674608425 192.73891462607546 182.15574674608425
frame_012623 1 144.62391964494276 117.66608269096005 190.62391964494276 181.66608269096005
frame_012624 1 143.07930697901415 116.61261591020008 188.07930697901415 179.61261591020008
frame_012625 1 121.5438953488372 116.12877906976743 190.5438953488372 179.12877906976743
frame_012626 1 120.9009366727754 116.27845652616574 185.9009366727754 179.27845652616574
frame_012627 1 115.89987097963319 101.05197677633399 178.8998709796332 183.051976776334
frame_012628 1 115.37943925233645 101.18701973001038 175.37943925233645 182.18701973001038
frame_012629 1 118.55400572246066 131.12947067238912 140.55400572246066 168.12947067238912
frame_012630 1 115.8019801980198 96.33258325832583 153.8019801980198 171.33258325832583
frame_012631 1 116.52037967615854 96.47347850362925 151.52037967615854 172.47347850362925
frame_012632 1 117.5693061482535 96.06069227121858 147.5693061482535 172.06069227121858
frame_012633 1 121.75873297809355 94.71600552595223 142.75873297809355 170.71600552595223
frame_012634 1 122.32734274711169 95.91655969191271 140.3273427471117 170.9165596919127
frame_012635 1 119.83368347338936 127.61379551820727 141.83368347338936 172.61379551820727
frame_012636 1 119.83413269384491 131.09752198241407 139.8341326938449 173.09752198241407
frame_012637 1 120.67124856815576 142.53722794959907 139.67124856815576 173.53722794959907
frame_026339 1 547.5793928779918 74.47139521307648 571.5793928779918 120.47139521307648
frame_026340 1 540.2861857614332 76.69471947194718 571.2861857614332 124.69471947194718
frame_026341 1 539.6409651193286 77.89784946236558 567.6409651193286 124.89784946236558
frame_026342 1 537.901143154066 79.15094829825928 566.901143154066 125.15094829825928
frame_026343 1 537.4781356376014 79.83438072793925 565.4781356376014 124.83438072793925
frame_026344 1 536.0653973509934 78.86423841059603 565.0653973509934 123.86423841059603
frame_026345 1 535.2872454448017 77.65380493033226 565.2872454448017 123.65380493033226
frame_026346 1 537.4555751691673 75.76493086201823 558.4555751691673 121.76493086201823
frame_026347 1 536.9574089290605 74.30101342098055 557.9574089290605 122.30101342098055
frame_026348 1 536.8875816993464 72.6711111111111 556.8875816993464 122.6711111111111
frame_026349 1 535.8216907112123 72.10301189572259 556.8216907112123 122.10301189572259
frame_026350 1 534.7896090534979 71.32741769547324 556.7896090534979 120.32741769547324
frame_026351 1 533.8316790736145 70.331541218638 556.8316790736145 117.331541218638
frame_026352 1 533.1827024185068 69.53548895899054 556.1827024185068 119.53548895899054
frame_026353 1 531.7974051896207 69.71506986027944 555.7974051896207 120.71506986027944
frame_026354 1 531.0046740467404 70.77355473554735 555.0046740467404 119.77355473554735
frame_026355 1 530.0463714637145 70.7690036900369 555.0463714637145 118.7690036900369
frame_026356 1 525.2530864197531 71.26954732510288 565.2530864197531 118.26954732510288
frame_026357 1 525.2952674897119 71.5537037037037 564.2952674897119 117.5537037037037
frame_026358 1 524.4434118133003 71.24824452705494 563.4434118133003 117.24824452705494
frame_026359 1 523.6433624635872 70.93716188098209 562.6433624635872 116.93716188098209
frame_026360 1 522.5151224707135 70.01437699680511 561.5151224707135 117.01437699680511
frame_026361 1 522.4212201009435 69.24917709019091 559.4212201009435 116.24917709019091
frame_026362 1 521.5013342228152 68.60317989770958 558.5013342228152 115.60317989770958
frame_026363 1 520.5261569416499 67.55063715627097 557.5261569416499 115.55063715627097
frame_026364 1 520.4397071490095 67.6991817398794 557.4397071490095 114.6991817398794
frame_026365 1 520.3414096916299 68.49947556114957 557.3414096916299 112.49947556114957
frame_026366 1 521.1600955794504 67.800079649542 555.1600955794504 113.800079649542
frame_026367 1 521.119209039548 66.9367231638418 553.119209039548 115.9367231638418
frame_026368 1 520.4856815578465 67.08056510118365 551.4856815578465 115.08056510118365
frame_026369 1 519.7452395269593 67.48165965123272 549.7452395269593 113.48165965123272
frame_026370 1 518.7492753623188 67.95300207039337 548.7492753623188 111.95300207039337
frame_026371 1 516.9454217410915 66.8658096526838 548.9454217410915 110.8658096526838
frame_026372 1 518.4376571141277 66.08496732026143 548.4376571141277 107.08496732026143
frame_026373 1 517.2004975124378 66.03283582089553 548.2004975124378 107.03283582089553
frame_026374 1 515.9928861788618 67.61229674796748 547.9928861788618 104.61229674796748
frame_026375 1 515.1064921734667 67.91198357711059 547.1064921734667 103.91198357711059
frame_026376 1 513.4090909090909 66.7240587695133 545.4090909090909 108.7240587695133
frame_026377 1 512.0049665049664 66.97817047817048 545.0049665049664 107.97817047817048
frame_026378 1 510.7970308513105 66.52876362792856 544.7970308513105 107.52876362792856
frame_026379 1 509.9228265922826 66.19874476987448 543.9228265922826 107.19874476987448
frame_026380 1 509.39151168335707 65.49427753934192 543.3915116833571 106.49427753934192
frame_026381 1 508.7813315926893 65.84442993907746 542.7813315926893 107.84442993907746
frame_026382 1 507.97696817420433 65.9177135678392 541.9769681742043 107.9177135678392
frame_026383 1 507.18166872174265 64.96054254007399 541.1816687217427 108.96054254007399
frame_026384 1 506.6250252678391 64.31706084495653 540.6250252678391 109.31706084495653
frame_026385 1 506.5222087623662 64.18988491823137 539.5222087623662 109.18988491823137
frame_026386 1 507.1843836197751 63.9098238913643 537.1843836197751 107.9098238913643
frame_026387 1 506.11487108655615 65.34714548802945 538.1148710865561 102.34714548802945
frame_026388 1 504.9603833865815 63.003514376996804 536.9603833865815 108.0035143769968
frame_026389 1 503.73757575757577 63.28222222222222 536.7375757575758 109.28222222222222
frame_026390 1 503.5091463414634 63.74573170731708 535.5091463414634 108.74573170731708
frame_026391 1 502.30256723716377 64.59372453137733 535.3025672371638 107.59372453137733
frame_026392 1 501.0085256810147 64.36525265127885 535.0085256810147 107.36525265127885
frame_026393 1 500.286361763494 64.36382365059744 534.286361763494 107.36382365059744
frame_026394 1 499.0188640132669 64.62810945273633 534.0188640132669 106.62810945273633
frame_026395 1 498.37620849096254 65.01387137452711 533.3762084909625 106.01387137452711
frame_026396 1 497.6070822731127 65.27396098388463 532.6070822731127 105.27396098388463
frame_026397 1 496.1974440894569 64.73791267305643 532.1974440894569 105.73791267305643
frame_026398 1 495.27728426395936 64.61802030456853 531.2772842639594 105.61802030456853
frame_026399 1 494.2993644532105 63.07790927021696 530.2993644532105 106.07790927021696
frame_026400 1 493.0675558447191 62.9808067664281 530.0675558447191 105.9808067664281
frame_026401 1 491.9572984749455 62.79281045751634 528.9572984749454 105.79281045751634
frame_026402 1 490.5514322916667 62.779296875 528.5514322916667 105.779296875
frame_026403 1 489.6545846817691 63.46418554476806 527.6545846817692 104.46418554476806
frame_026404 1 488.42241925269155 63.107346421785934 526.4224192526915 106.10734642178593
frame_026405 1 486.7609523809524 62.885291005290995 525.7609523809524 106.885291005291
frame_026406 1 486.0189141076991 64.08411214953271 524.0189141076992 105.08411214953271
frame_026407 1 489.984940521387 64.63566185775753 514.984940521387 103.63566185775753
frame_026408 1 489.4124270225188 63.38351403947733 514.4124270225188 102.38351403947733
frame_026409 1 489.53177458033565 65.75029976019184 513.5317745803357 97.75029976019184
frame_026410 1 488.12405216863806 65.9171974522293 512.1240521686381 97.9171974522293
frame_026411 1 486.9483695652174 65.53804347826087 510.9483695652174 98.53804347826087
frame_026412 1 485.1280112044817 64.02156862745097 509.1280112044817 102.02156862745097
frame_026413 1 483.64830043859644 64.57867324561403 507.64830043859644 102.57867324561403
frame_026414 1 482.9471811713191 64.65079365079364 505.9471811713191 102.65079365079364
frame_026415 1 481.7810029980921 64.61161079313165 504.7810029980921 102.61161079313165
frame_026416 1 480.7385936661298 64.84165324745034 503.7385936661298 102.84165324745034
frame_026417 1 474.0472404115996 67.29108200810725 526.0472404115997 115.29108200810725
frame_026418 1 473.6061044176707 66.26353413654617 523.6061044176706 115.26353413654617
frame_026419 1 472.707202680067 66.07219430485762 520.707202680067 114.07219430485762
frame_026420 1 473.55910281597903 66.50049115913556 518.559102815979 114.50049115913556
frame_026421 1 472.57207644962745 67.09037900874635 517.5720764496275 114.09037900874635
frame_026422 1 471.97482724580453 66.19776242184929 515.9748272458046 114.19776242184929
frame_026423 1 470.0748554461634 65.65432098765432 514.0748554461634 115.65432098765432
frame_026424 1 468.11942700788666 65.05037823917591 512.1194270078867 115.05037823917591
frame_026425 1 467.15276381909547 64.6214405360134 509.15276381909547 113.6214405360134
frame_026426 1 465.77293281653743 64.49580103359172 507.77293281653743 114.49580103359172
frame_026427 1 464.44356833642547 64.80395794681507 507.44356833642547 114.80395794681507
frame_026428 1 463.3467347845402 65.04634977047237 506.3467347845402 115.04634977047237
frame_026429 1 462.13648409893995 64.77370435806831 505.13648409893995 114.77370435806831
frame_026430 1 461.13612099644126 64.20521945432976 504.13612099644126 115.20521945432976
frame_026431 1 460.91266243578116 63.95164702326986 501.91266243578116 114.95164702326986
frame_026432 1 460.6103074141049 63.602169981916816 499.6103074141049 114.60216998191682
frame_026433 1 460.3137429504303 63.73656871475214 497.3137429504303 114.73656871475214
frame_026434 1 459.80337405468293 64.06297265852238 495.80337405468293 115.06297265852238
frame_026435 1 459.00196420776956 63.8761094136476 494.00196420776956 114.8761094136476
frame_026436 1 458.2876592007027 63.53762260283999 492.2876592007027 114.53762260283999
frame_026437 1 457.7061501716674 62.96589043140766 490.7061501716674 113.96589043140766
frame_026438 1 457.4121458710066 62.67269439421338 488.4121458710066 113.67269439421338
frame_026439 1 455.98319457292627 62.45205057045945 486.98319457292627 113.45205057045945
frame_026440 1 455.47522626169655 62.6069182389937 485.47522626169655 113.6069182389937
frame_026441 1 453.6722778283288 62.3434940855323 484.6722778283288 114.3434940855323
frame_026442 1 451.8310987825551 62.07844043766373 483.8310987825551 114.07844043766373
frame_026443 1 450.6791115311909 62.049621928166346 482.6791115311909 114.04962192816635
frame_026444 1 448.8951686417502 62.2383773928897 481.8951686417502 115.2383773928897
frame_026445 1 446.55918581943814 62.60034550097642 481.55918581943814 115.60034550097642
frame_026446 1 444.0753636645001 62.73599504797275 481.0753636645001 114.73599504797275
frame_026447 1 442.10838631547074 63.781410838631544 480.10838631547074 114.78141083863154
frame_026448 1 440.0983606557377 64.24635701275045 479.0983606557377 114.24635701275045
frame_026449 1 438.16855434953595 64.13198049394369 479.16855434953595 114.13198049394369
frame_026450 1 436.00391686650676 63.72286171063149 479.00391686650676 114.72286171063149
frame_026451 1 433.83103334976175 63.66477739444717 478.83103334976175 114.66477739444717
frame_026452 1 431.6565 63.852333333333334 478.6565 113.85233333333333
frame_026453 1 429.57116758013615 63.85434313237003 477.57116758013615 113.85434313237003
frame_026454 1 427.61219353791193 63.65838610163988 476.61219353791193 113.65838610163988
frame_026455 1 426.44181699983744 63.34292215179586 475.44181699983744 113.34292215179586
frame_026456 1 424.98249726519765 63.35849351461165 474.98249726519765 113.35849351461165
frame_026457 1 423.5006124636349 63.21619966314499 474.5006124636349 113.21619966314499
frame_026458 1 423.6162231243422 63.29333934746654 472.6162231243422 113.29333934746654
frame_026459 1 422.22700644405387 63.19185705916813 472.22700644405387 113.19185705916813
frame_026460 1 420.7128259337561 63.24073291050034 471.7128259337561 113.24073291050034
frame_026461 1 418.79088179088177 63.30316680316679 470.79088179088177 113.30316680316679
frame_026462 1 416.2493778650949 63.48055009823183 470.2493778650949 113.48055009823183
frame_026463 1 414.0880164228893 63.139851167564785 470.0880164228893 114.13985116756479
frame_026464 1 412.72782874617735 63.10601427115188 469.72782874617735 114.10601427115188
frame_026465 1 434.0504097579569 58.09567371831521 463.0504097579569 106.09567371831521
frame_026466 1 432.7127496159754 57.99231950844853 462.7127496159754 105.99231950844853
frame_026467 1 432.2137300661221 57.87378451964216 461.2137300661221 105.87378451964216
frame_026468 1 430.451774691358 58.22916666666667 461.451774691358 105.22916666666667
frame_026469 1 428.4355152932008 58.24303526202999 461.4355152932008 105.24303526202999
frame_026470 1 427.45948326482676 58.05118418477197 460.45948326482676 105.05118418477197
frame_026471 1 427.48696757787667 58.28035600762874 457.48696757787667 104.28035600762874
frame_026472 1 427.0865272938443 60.03600464576074 456.0865272938443 100.03600464576074
frame_026473 1 426.59818659031254 61.04271057026962 454.59818659031254 99.04271057026962
frame_026474 1 425.7308228730823 60.824965132496516 453.7308228730823 100.82496513249652
frame_026475 1 424.58437935843796 60.97233844723384 452.58437935843796 100.97233844723384
frame_026476 1 423.76009557945036 61.39964157706093 451.76009557945036 100.39964157706093
frame_026477 1 423.04736973323355 62.05148342059337 451.04736973323355 99.05148342059337
frame_026478 1 422.82697201017805 62.47022900763359 449.82697201017805 98.47022900763359
frame_026479 1 421.7714398111723 62.647783897193804 448.7714398111723 98.6477838971938
frame_026480 1 421.46293245469525 63.765238879736415 447.46293245469525 96.76523887973642
frame_026481 1 421.03697571743925 62.403421633554075 446.03697571743925 98.40342163355407
frame_026482 1 420.68543046357615 62.343818984547454 444.68543046357615 99.34381898454745
frame_026483 1 421.0946255002859 61.861063464837045 443.0946255002859 99.86106346483704
frame_026484 1 420.87437701553796 61.84315450014658 441.87437701553796 99.84315450014658
frame_026485 1 419.81007751937983 61.30023852116875 440.81007751937983 100.30023852116875
frame_026486 1 418.96754772393535 61.29882525697502 439.96754772393535 100.29882525697502
frame_026487 1 417.93538011695904 60.40204678362572 438.93538011695904 101.40204678362572
frame_026488 1 416.8327327327327 61.18168168168167 437.8327327327327 99.18168168168167
frame_026489 1 415.70084388185654 60.6789029535865 436.70084388185654 101.6789029535865
frame_026490 1 414.608361774744 60.32764505119454 435.608361774744 101.32764505119454
frame_026491 1 413.55942028985504 60.87014492753622 434.55942028985504 99.87014492753622
frame_026492 1 412.59540846750144 62.293082886106134 433.59540846750144 97.29308288610613
frame_026493 1 410.4572879330944 62.781362007168454 433.4572879330944 96.78136200716845
frame_026494 1 409.349113315299 62.85662759242561 432.349113315299 96.85662759242561
frame_026495 1 409.4049360146252 62.31048141377208 430.4049360146252 97.31048141377208
frame_026496 1 408.129022465088 62.40072859744991 429.129022465088 97.40072859744991
frame_026497 1 406.12784174785946 62.61455565397107 428.12784174785946 97.61455565397107
frame_026498 1 404.71679859278805 62.223688068015235 426.71679859278805 98.22368806801524
frame_026499 1 403.0159271899886 62.14391353811148 425.0159271899886 99.14391353811148
frame_026500 1 400.85995468705744 61.72047578589634 423.85995468705744 99.72047578589634
frame_026501 1 400.0936170212766 61.61134751773049 422.0936170212766 99.6113475177305
frame_026502 1 398.9414847161572 60.206404657933035 420.9414847161572 100.20640465793304
frame_026503 1 397.54644808743166 60.1679608858211 419.54644808743166 100.1679608858211
frame_026504 1 396.3292753623188 59.67913043478261 418.3292753623188 100.6791304347826
frame_026505 1 395.06262986049273 60.57643217571979 417.06262986049273 98.57643217571979
frame_026506 1 392.4142596929482 56.307181889149106 416.4142596929482 107.3071818891491
frame_026507 1 390.5581267217631 58.880991735537194 415.5581267217631 100.8809917355372
frame_026508 1 389.4196159122085 60.77777777777777 414.4196159122085 98.77777777777777
frame_026509 1 388.03527194399567 59.01830910070005 413.03527194399567 101.01830910070005
frame_026510 1 385.65996784565914 62.917202572347264 412.65996784565914 96.91720257234726
frame_026511 1 384.46630796822956 59.933128362797845 410.46630796822956 101.93312836279785
frame_026512 1 383.4896243761492 60.53769372209088 409.4896243761492 100.53769372209088
frame_026513 1 381.7744623655914 63.16478494623655 408.7744623655914 97.16478494623655
frame_026514 1 380.8197550585729 61.92571884984025 406.8197550585729 98.92571884984025
frame_026515 1 380.27198697068405 61.75624321389793 405.27198697068405 98.75624321389793
frame_026516 1 379.680521597392 61.776283618581914 403.680521597392 98.77628361858191
frame_026517 1 378.5258333333333 61.38333333333334 402.5258333333333 99.38333333333334
frame_026518 1 378.593811533052 60.21575246132207 400.593811533052 100.21575246132207
frame_026519 1 377.69812925170066 59.55924036281178 399.69812925170066 100.55924036281178
frame_026520 1 377.56891452233066 59.5681750961254 398.56891452233066 99.5681750961254
frame_026521 1 372.40881590319793 60.607893978680494 400.40881590319793 98.6078939786805
frame_026522 1 375.9826086956522 58.88173913043478 395.9826086956522 100.88173913043478
frame_026523 1 374.71551980935357 58.99151027703307 394.71551980935357 99.99151027703307
frame_026524 1 373.39302600472814 60.035165484633566 393.39302600472814 99.03516548463357
frame_026525 1 371.47749287749286 58.83903133903134 392.47749287749286 100.83903133903134
frame_026526 1 369.34698996655516 58.62541806020067 392.34698996655516 101.62541806020067
frame_026527 1 367.7801827801827 56.04521404521404 390.7801827801827 112.04521404521404
frame_026528 1 366.54113475177303 56.51702127659574 389.54113475177303 112.51702127659574
frame_026529 1 365.28041187739456 56.24497126436782 388.28041187739456 112.24497126436782
frame_026530 1 364.62761087267523 61.2659513590844 387.62761087267523 98.2659513590844
frame_026531 1 363.7127039627039 60.80623543123542 385.7127039627039 98.80623543123542
frame_026532 1 362.5911161731207 56.33624398886357 383.5911161731207 111.33624398886357
frame_026533 1 361.99713317696114 56.3304665102945 381.99713317696114 110.3304665102945
frame_026534 1 361.45796519410976 55.76626506024097 380.45796519410976 109.76626506024097
frame_026535 1 359.8634766153014 54.98296836982968 379.8634766153014 108.98296836982968
frame_026536 1 358.92757575757577 57.72484848484848 378.92757575757577 99.72484848484848
frame_026537 1 357.16968325791856 58.60904977375566 378.16968325791856 98.60904977375566
frame_026538 1 355.04970535485523 54.844350499615686 377.04970535485523 109.84435049961569
frame_026539 1 353.41343896713613 57.2681924882629 376.41343896713613 99.2681924882629
frame_026540 1 351.6302175191064 60.383009994121096 375.6302175191064 95.3830099941211
frame_026541 1 349.88640275387263 61.04991394148021 374.88640275387263 95.04991394148021
frame_026542 1 348.62341504649197 60.8877148492533 373.62341504649197 95.8877148492533
frame_026543 1 346.75996677740864 61.63316722037652 372.75996677740864 95.63316722037652
frame_026544 1 345.54495159059474 61.675518672199175 371.54495159059474 95.67551867219917
frame_026545 1 344.1982427237781 61.820428336079075 370.1982427237781 95.82042833607908
frame_026546 1 343.4618490671122 61.81815650236703 368.4618490671122 95.81815650236703
frame_026547 1 342.361301369863 61.776255707762544 367.361301369863 95.77625570776254
frame_026548 1 341.6910569105691 60.64837398373983 365.6910569105691 96.64837398373983
frame_026549 1 341.29569892473114 59.65533275210694 364.29569892473114 97.65533275210694
frame_026550 1 340.311072056239 59.47451669595782 363.311072056239 97.47451669595782
frame_026551 1 340.5691879214306 58.04910583406625 361.5691879214306 99.04910583406625
frame_026552 1 340.27120141342755 57.4175500588928 360.27120141342755 99.4175500588928
frame_026553 1 338.89249363867685 59.012404580152676 359.89249363867685 95.01240458015268
frame_026554 1 338.5658089322685 57.43655723158828 358.5658089322685 99.43655723158828
frame_026555 1 337.46726457399103 56.6423019431988 357.46726457399103 99.6423019431988
frame_026556 1 335.8473491773309 57.840341255332106 356.8473491773309 97.8403412553321
frame_026557 1 334.68279569892474 59.98079877112134 355.68279569892474 94.98079877112134
frame_026558 1 332.65781578157817 60.21827182718272 355.65781578157817 95.21827182718272
frame_026559 1 330.9605418138987 60.70141342756183 354.9605418138987 95.70141342756183
frame_026560 1 329.2814397224631 60.959959525874524 354.2814397224631 95.95995952587452
frame_026561 1 328.7235632183908 61.11551724137931 352.7235632183908 96.11551724137931
frame_026562 1 327.96915725456125 61.16869388937155 350.96915725456125 96.16869388937155
frame_026563 1 326.7598039215686 61.19982698961938 349.7598039215686 96.19982698961938
frame_026564 1 326.11198600174976 60.115339749198014 348.11198600174976 97.11533974919801
frame_026565 1 325.43992932862193 59.184628975265014 346.43992932862193 98.18462897526501
frame_026566 1 324.3592004703116 57.7960023515579 345.3592004703116 98.7960023515579
frame_026567 1 323.73947051744886 57.4488567990373 343.73947051744886 98.4488567990373
frame_026568 1 322.6120561026559 57.44091316025067 342.6120561026559 98.44091316025067
frame_026569 1 321.6084803466419 57.389817393995656 341.6084803466419 96.38981739399566
frame_026570 1 319.8964601769911 57.45398230088496 340.8964601769911 97.45398230088496
frame_026571 1 318.01785714285717 52.0491718426501 340.01785714285717 108.0491718426501
frame_026572 1 316.26637496685225 51.74900556881464 339.26637496685225 106.74900556881464
frame_026573 1 315.2300771208226 58.56969437303627 338.2300771208226 95.56969437303627
frame_026574 1 313.72688356164383 59.75599315068493 337.72688356164383 94.75599315068493
frame_026575 1 312.0815187046343 60.130094919039635 337.0815187046343 95.13009491903964
frame_026576 1 310.93906510851417 59.88313856427379 335.93906510851417 95.88313856427379
frame_026577 1 310.28840213423194 59.92979500140409 334.28840213423194 95.92979500140409
frame_026578 1 308.58146920740126 60.251035625517815 333.58146920740126 96.25103562551782
frame_026579 1 307.422970351898 60.42227763923525 332.422970351898 96.42227763923525
frame_026580 1 307.0743281875357 60.15208690680389 331.0743281875357 96.15208690680389
frame_026581 1 307.09834638816363 59.960545401798655 329.09834638816363 95.96054540179865
frame_026582 1 306.61493239271016 58.839212228101104 327.61493239271016 96.8392122281011
frame_026583 1 305.61643026004725 58.45951536643025 326.61643026004725 97.45951536643025
frame_026584 1 304.5313795145056 57.84695085849614 325.5313795145056 97.84695085849614
frame_026585 1 303.55219454329773 57.3573546856465 324.55219454329773 98.3573546856465
frame_026586 1 302.9852479598242 58.120527306967986 322.9852479598242 95.12052730696799
frame_026587 1 301.41020176186413 57.294828076158 322.41020176186413 98.294828076158
frame_026588 1 299.68548160629035 56.82420668351587 321.68548160629035 98.82420668351587
frame_026589 1 297.98665530948324 57.45854628052243 320.98665530948324 97.45854628052243
frame_026590 1 296.28102912072376 59.41645462256149 320.28102912072376 95.41645462256149
frame_026591 1 295.18751749230336 59.989784494822274 319.18751749230336 94.98978449482227
frame_026592 1 293.51346523770263 59.901621324539704 318.51346523770263 95.9016213245397
frame_026593 1 291.83157324668286 60.166802057947464 317.83157324668286 96.16680205794746
frame_026594 1 290.1443202979516 60.52114924181963 317.1443202979516 96.52114924181963
frame_026595 1 289.3854166666667 60.10844017094017 315.3854166666667 97.10844017094017
frame_026596 1 288.21224271585135 60.1116011761561 314.21224271585135 97.1116011761561
frame_026597 1 287.45445971436266 59.45028294260307 312.45445971436266 97.45028294260307
frame_026598 1 286.7643398268398 58.67857142857143 310.7643398268398 98.67857142857143
frame_026599 1 286.7389218176686 58.173863957098504 308.7389218176686 98.1738639570985
frame_026600 1 286.3219138479329 57.42338826250361 307.3219138479329 98.42338826250361
frame_026601 1 285.8551765409934 56.83004189108317 305.8551765409934 97.83004189108317
frame_026602 1 284.0642900670323 57.59323583180988 305.0642900670323 95.59323583180988
frame_026603 1 283.0235646958012 56.774635818337615 304.0235646958012 98.77463581833761
frame_026604 1 281.2497055359246 56.47732626619552 303.2497055359246 98.47732626619552
frame_026605 1 279.52682338758285 59.32429174201326 302.52682338758285 94.32429174201326
frame_026606 1 278.3331854480923 59.53223898254954 301.3331854480923 94.53223898254954
frame_026607 1 276.5262557077625 59.99343607305936 300.5262557077625 94.99343607305936
frame_026608 1 269.694248366013 61.00509803921568 302.694248366013 96.00509803921568
frame_026609 1 267.94188167839457 60.72843367213969 301.94188167839457 96.72843367213969
frame_026610 1 272.2480011028398 59.59911772814998 297.2480011028398 97.59911772814998
frame_026611 1 270.554711673699 60.9773558368495 296.554711673699 95.9773558368495
frame_026612 1 268.9919423240034 60.97469607011591 295.9919423240034 95.97469607011591
frame_026613 1 268.44706911636047 60.06532516768736 294.44706911636047 96.06532516768736
frame_026614 1 267.3344807802639 58.756741250717155 293.3344807802639 97.75674125071716
frame_026615 1 265.672593235039 58.630384504191966 292.672593235039 97.63038450419197
frame_026616 1 267.4681565877884 57.915863277826475 288.4681565877884 97.91586327782647
frame_026617 1 266.4749417249417 57.30623543123542 287.4749417249417 98.30623543123542
frame_026618 1 265.3842040941032 57.95508707607699 286.3842040941032 95.95508707607699
frame_026619 1 264.27055896985655 58.094673690371664 285.27055896985655 97.09467369037166
frame_026620 1 262.5390011223344 57.97586980920313 284.5390011223344 97.97586980920313
frame_026621 1 260.857545045045 57.74887387387386 283.857545045045 97.74887387387386
frame_026622 1 259.6753339016766 58.53339016766125 282.6753339016766 96.53339016766125
frame_026623 1 257.9983036471586 59.98232965790217 281.9983036471586 94.98232965790217
frame_026624 1 256.84250635055037 60.21436635619531 280.84250635055037 95.21436635619531
frame_026625 1 255.1708368084515 59.94217403391714 280.1708368084515 95.94217403391714
frame_026626 1 254.05546334716456 60.77551867219917 279.05546334716456 95.77551867219917
frame_026627 1 252.83223413025559 60.9745809288266 277.8322341302556 95.9745809288266
frame_026628 1 252.01048565121408 60.39873068432671 276.0104856512141 96.39873068432671
frame_026629 1 250.74902615470228 59.22092376182526 274.7490261547023 97.22092376182526
frame_026630 1 250.48779811425402 58.76067665002773 272.487798114254 97.76067665002773
frame_026631 1 249.79925544100803 57.83705612829324 270.79925544100803 97.83705612829324
frame_026632 1 249.29005847953215 56.72163742690057 269.29005847953215 97.72163742690057
frame_026633 1 248.1941194119412 56.693069306930695 268.1941194119412 96.6930693069307
frame_026634 1 247.02118380062302 57.077881619937685 267.021183800623 95.07788161993768
frame_026635 1 246.3666061705989 57.02964307320023 265.3666061705989 96.02964307320023
frame_026636 1 244.82615200478753 55.774685816876115 264.82615200478756 97.77468581687612
frame_026637 1 243.1412352406903 56.23645171056614 264.1412352406903 96.23645171056614
frame_026638 1 241.4143414341434 58.644314431443135 263.4143414341434 93.64431443144314
frame_026639 1 239.61033274956216 59.06859311150029 262.6103327495622 94.06859311150029
frame_026640 1 238.02407566638004 59.57939237603898 262.02407566638004 94.57939237603898
frame_026641 1 236.65280135823429 59.46604414261461 260.6528013582343 95.4660441426146
frame_026642 1 235.4205426356589 58.2314507198228 259.4205426356589 97.2314507198228
frame_026643 1 233.42870905587665 59.05587668593448 258.42870905587665 97.05587668593448
frame_026644 1 232.64403973509934 59.07091611479028 256.64403973509934 97.07091611479028
frame_026645 1 231.5203045685279 58.879582628313585 255.5203045685279 96.87958262831359
frame_026646 1 230.76835443037976 58.37004219409283 253.76835443037976 97.37004219409283
frame_026647 1 230.3115505875609 58.21739753511034 252.3115505875609 97.21739753511034
frame_026648 1 229.76609442060087 58.08226037195993 250.76609442060087 97.08226037195993
frame_026649 1 229.41580459770114 56.82902298850574 249.41580459770114 97.82902298850574
frame_026650 1 228.4959064327485 56.37836257309941 248.4959064327485 97.37836257309941
frame_026651 1 227.32241431604487 57.023657870791624 247.32241431604487 95.02365787079162
frame_026652 1 226.32571267287605 56.841236240474174 246.32571267287605 97.84123624047417
frame_026653 1 224.52583543948325 56.51769165964616 245.52583543948325 97.51769165964616
frame_026654 1 222.8962900505902 56.89769533445755 244.8962900505902 96.89769533445755
frame_026655 1 221.76692155196824 58.177145284621915 243.76692155196824 95.17714528462191
frame_026656 1 220.2387387387387 58.96452702702703 243.2387387387387 94.96452702702703
frame_026657 1 218.54416666666665 59.787499999999994 242.54416666666665 94.7875
frame_026658 1 217.39291598023064 59.53185063152114 241.39291598023064 95.53185063152114
frame_026659 1 216.27604166666663 59.780427631578945 240.27604166666663 95.78042763157895
frame_026660 1 215.47887517146773 59.700137174211235 238.47887517146773 95.70013717421124
frame_026661 1 214.28960396039605 58.3578107810781 237.28960396039605 97.3578107810781
frame_026662 1 213.58160155167633 57.96619562205596 235.58160155167633 97.96619562205596
frame_026663 1 212.90173087660523 57.946398659966505 233.90173087660523 97.9463986599665
frame_026664 1 212.27969018932873 57.16035570854848 232.27969018932873 98.16035570854848
frame_026665 1 211.2023913677457 56.26859142607174 231.2023913677457 98.26859142607174
frame_026666 1 210.04749183734043 56.47091124962897 230.04749183734043 97.47091124962897
frame_026667 1 208.90795352993743 57.092791182603506 228.90795352993743 96.0927911826035
frame_026668 1 207.38888888888889 56.639450056116715 228.38888888888889 98.63945005611671
frame_026669 1 204.8440329218107 56.01687242798354 227.8440329218107 99.01687242798354
frame_026670 1 201.8804559355018 57.51417848206839 227.8804559355018 96.51417848206839
frame_026671 1 202.2541630148992 59.10706982179374 226.2541630148992 94.10706982179374
frame_026672 1 201.28904428904428 59.29428904428903 225.28904428904428 94.29428904428903
frame_026673 1 200.0667236954662 59.65084117479327 224.0667236954662 94.65084117479327
frame_026674 1 198.2139658550238 59.98586621886369 223.2139658550238 94.98586621886369
frame_026675 1 196.92560266001664 59.704627320587406 221.92560266001664 95.7046273205874
frame_026676 1 195.505187005187 58.86650286650287 220.505187005187 96.86650286650287
frame_026677 1 194.09099696216512 59.313863573598454 219.09099696216512 96.31386357359845
frame_026678 1 193.38298465829845 59.1050209205021 217.38298465829845 96.1050209205021
frame_026679 1 192.7688719253605 58.393271133729144 215.7688719253605 96.39327113372914
frame_026680 1 192.2457318779737 57.4998600615729 214.2457318779737 97.4998600615729
frame_026681 1 191.2721088435374 57.10856009070294 213.2721088435374 97.10856009070294
frame_026682 1 191.38013207005454 56.298449612403104 211.38013207005454 97.2984496124031
frame_026683 1 190.463768115942 55.942898550724635 210.463768115942 96.94289855072464
frame_026684 1 189.2816351067027 56.373309287646535 209.2816351067027 94.37330928764653
frame_026685 1 187.71749795584628 55.83019896429545 208.71749795584628 97.83019896429545
frame_026686 1 186.0903054448871 55.426427622841956 208.0903054448871 98.42642762284196
frame_026687 1 184.43698702674078 55.635424940428905 207.43698702674078 97.6354249404289
frame_026688 1 182.7929573735769 56.53825787662164 206.7929573735769 96.53825787662164
frame_026689 1 181.69888178913737 58.529286474973375 205.69888178913737 94.52928647497338
frame_026690 1 180.0345862699034 58.40785695640824 205.0345862699034 95.40785695640824
frame_026691 1 178.44128205128203 58.175897435897426 204.44128205128203 96.17589743589743
frame_026692 1 176.75044631471562 58.27033919918388 203.75044631471562 96.27033919918388
frame_026693 1 176.0789609053498 58.797839506172835 202.0789609053498 95.79783950617283
frame_026694 1 175.46439628482972 57.95098039215685 200.46439628482972 96.95098039215685
frame_026695 1 174.29009494482935 57.07223505260457 199.29009494482935 98.07223505260457
frame_026696 1 174.09682043262964 57.03401094605161 197.09682043262964 98.03401094605161
frame_026697 1 173.4566505115778 56.72105546580505 195.4566505115778 97.72105546580505
frame_026698 1 173.02759197324414 56.379041248606455 194.02759197324414 97.37904124860646
frame_026699 1 171.9604377104377 55.546015712682376 192.9604377104377 97.54601571268238
frame_026700 1 170.7448275862069 56.33189655172414 191.7448275862069 95.33189655172414
frame_026701 1 169.10966340933766 55.69353963083604 191.10966340933766 97.69353963083604
frame_026702 1 167.42658092175776 54.91586280814576 190.42658092175776 98.91586280814576
frame_026703 1 166.91722595078298 55.72986577181209 188.91722595078298 96.72986577181209
frame_026704 1 165.20649717514124 57.558757062146896 188.20649717514124 94.5587570621469
frame_026705 1 163.58180300500834 58.27351140790205 187.58180300500834 94.27351140790205
frame_026706 1 161.10119047619045 56.84834368530019 187.10119047619045 97.8483436853002
frame_026707 1 159.2542265960131 56.92606611153167 186.2542265960131 98.92606611153167
frame_026708 1 157.42021276595744 58.00430597771023 185.42021276595744 98.00430597771023
frame_026709 1 157.97525013164824 58.340179041600834 182.97525013164824 97.34017904160083
frame_026710 1 155.44426229508196 59.13770491803278 183.44426229508196 96.13770491803278
frame_026711 1 154.43719412724306 58.74089178901576 182.43719412724306 96.74089178901576
frame_026712 1 153.41349527665315 58.83670715249663 181.41349527665315 96.83670715249663
frame_026713 1 151.79946236559138 58.72016129032258 180.79946236559138 96.72016129032258
frame_026714 1 150.65097402597402 58.10687229437228 179.65097402597402 97.10687229437228
frame_026715 1 152.59094719195306 57.05979323833472 174.59094719195306 97.05979323833472
frame_026716 1 152.02036575228595 56.5185646993627 173.02036575228595 97.5185646993627
frame_026717 1 150.81873905429072 57.209281961471106 171.81873905429072 94.2092819614711
frame_026718 1 149.43160245672806 56.75348967057509 171.43160245672806 95.75348967057509
frame_026719 1 148.57220412595004 55.760586319218234 170.57220412595004 97.76058631921823
frame_026720 1 147.19728434504793 55.701277955271564 169.19728434504793 97.70127795527156
frame_026721 1 146.10369774919613 56.45873526259378 168.10369774919613 96.45873526259378
frame_026722 1 144.3318931657502 55.84760408483896 167.3318931657502 97.84760408483896
frame_026723 1 142.18412942989215 56.2321520287622 167.18412942989215 98.2321520287622
frame_026724 1 140.53328328328328 56.518518518518505 166.53328328328328 98.5185185185185
frame_026725 1 140.08149556400505 57.07059569074778 165.08149556400505 98.07059569074778
frame_026726 1 139.04519989814108 57.72701807995925 164.04519989814108 97.72701807995925
frame_026727 1 138.38542468565564 56.757762381318955 162.38542468565564 98.75776238131895
frame_026728 1 137.364481286109 54.29439839236372 161.364481286109 102.29439839236372
frame_026729 1 134.21611445783134 53.725652610441756 163.21611445783134 102.72565261044176
frame_026730 1 133.44126859827722 56.383711824588886 162.44126859827722 98.38371182458889
frame_026731 1 132.6961246399581 55.77808326787117 161.6961246399581 98.77808326787117
frame_026732 1 131.01375404530745 55.91208198489751 161.01375404530745 96.91208198489751
frame_026733 1 129.8630952380952 57.17045454545455 159.8630952380952 95.17045454545455
frame_026734 1 129.27736402617919 52.64387271496277 159.27736402617919 108.64387271496277
frame_026735 1 127.60805369127516 52.40178970917225 158.60805369127516 109.40178970917225
frame_026736 1 129.26409562471807 52.44790257104195 153.26409562471807 109.44790257104195
frame_026737 1 128.62703804347825 52.26064311594202 151.62703804347825 110.26064311594202
frame_026738 1 127.55445761967499 52.55862977602108 150.554457619675 111.55862977602108
