frame_013615 1 -34.501508126233375 28.598560327723305 196.49849187376662 282.5985603277233
frame_013616 1 -29.145754674238077 28.20011377251535 201.85424532576192 282.20011377251535
frame_013617 1 -17.196611839691386 71.78621672904151 213.8033881603086 259.7862167290415
frame_013618 1 -13.473959901258354 70.47441146366427 225.52604009874165 258.4744114636643
frame_013619 1 -7.972050928056447 70.73664672495781 243.02794907194357 255.7366467249578
frame_013620 1 -26.107324277639805 71.4203742883717 292.8926757223602 254.4203742883717
frame_013621 1 -13.106195539917081 70.74842879903676 307.89380446008295 253.74842879903676
frame_013622 1 -1.7362602462115433 72.45469989816803 324.26373975378846 256.45469989816803
frame_013623 1 11.709693954470083 73.72943363988139 339.7096939544701 256.7294336398814
frame_013624 1 22.177820185959035 73.80188674501284 353.17782018595904 257.80188674501284
frame_013625 1 68.71761710280845 73.400421295596 343.71761710280845 257.400421295596
frame_013626 1 81.89268165297008 83.15921082083585 360.89268165297005 255.15921082083585
frame_013627 1 110.58575987674698 83.5691207219104 359.585759876747 254.5691207219104
frame_013628 1 112.37416778383025 83.88626143325018 380.3741677838302 252.88626143325018
frame_013629 1 123.88877236415317 85.41951770220862 392.88877236415317 253.41951770220862
frame_013630 1 129.34845741227923 87.34881615360962 411.34845741227923 253.34881615360962
frame_013631 1 137.01980290918056 86.61585251430193 434.01980290918056 251.61585251430193
frame_013632 1 144.93901654010642 86.33151675831368 455.9390165401064 251.33151675831368
frame_013633 1 161.36142793832943 83.80523872833717 479.3614279383294 248.80523872833717
frame_013634 1 166.12608551887365 82.9455253708312 500.12608551887365 247.9455253708312
frame_013635 1 238.0208617812168 79.38317402518584 475.0208617812168 244.38317402518584
frame_013636 1 249.8119259347875 80.13955683162524 491.8119259347875 244.13955683162524
frame_013637 1 266.0084530382338 84.95379510345211 522.0084530382338 213.9537951034521
frame_013638 1 267.5236292568825 84.814389917363 552.5236292568825 215.814389917363
frame_013639 1 280.72199048908016 85.04557623897108 565.7219904890801 218.04557623897108
frame_013640 1 289.39968251200565 85.30196232282063 592.3996825120057 219.30196232282063
frame_013641 1 297.37482515486283 76.39761211498387 616.3748251548628 230.39761211498387
frame_013642 1 366.8935008462118 80.79126981185684 585.8935008462117 243.79126981185684
frame_013643 1 379.13936396103696 76.90074287695987 607.1393639610369 244.90074287695987
frame_013644 1 396.95782449354766 77.65104632978785 621.9578244935476 246.65104632978785
frame_013645 1 407.06594386312827 5.4144725969609055 637.0659438631283 254.4144725969609
frame_013646 1 423.20206485839856 6.296474484002118 639.2020648583986 255.29647448400212
frame_013647 1 433.2849277357192 5.351319992235318 643.2849277357192 255.35131999223532
frame_013648 1 437.13399657139644 3.5957713889591503 647.1339965713964 253.59577138895915
frame_013649 1 442.4022092367625 -1.6453944333384527 652.4022092367625 249.35460556666155
frame_013650 1 447.87335490136115 -2.6841383787495943 657.8733549013612 248.3158616212504
frame_013651 1 451.426437893522 -4.592049510943667 661.426437893522 247.40795048905633
frame_013652 1 454.65309706834114 -6.855889181613676 664.6530970683411 246.1441108183863
frame_023010 1 70.55267758680975 155.14391188574194 182.55267758680975 260.14391188574194
frame_023011 1 83.86569977056703 155.79714301321968 193.86569977056703 259.7971430132197
frame_023012 1 95.5782958645573 155.56602830974188 205.5782958645573 259.5660283097419
frame_023013 1 107.3123527431841 154.42151912936157 216.3123527431841 261.42151912936157
frame_023014 1 119.19844933712122 153.24266098484847 228.19844933712122 260.2426609848485
frame_023015 1 129.638804589728 154.75864909390444 237.638804589728 259.7586490939044
frame_023016 1 139.97793351784065 155.08161473677944 248.97793351784065 260.08161473677944
frame_023017 1 150.81218964481133 155.82496758073185 258.8121896448113 259.8249675807318
frame_023018 1 162.77725026644706 156.320350095275 270.777250266447 260.320350095275
frame_023019 1 176.68937048503608 156.13641640866874 283.6893704850361 258.13641640866877
frame_023020 1 189.18261964735515 156.49935413033646 296.1826196473552 257.4993541303364
frame_023021 1 201.0155434306692 156.77995015324507 308.0155434306692 257.77995015324507
frame_023022 1 213.63445406014785 156.22479193607214 318.63445406014785 257.22479193607217
frame_023023 1 225.0508773649642 154.97807404502822 329.0508773649642 256.9780740450282
frame_023024 1 236.03973057399452 155.44478068462837 340.0397305739945 256.44478068462837
frame_023025 1 246.8384199887331 155.59583457600158 350.8384199887331 256.5958345760016
frame_023026 1 258.14230897564227 155.02442442442444 360.14230897564227 256.0244244244244
frame_023027 1 268.4570930811349 154.7053094408495 371.4570930811349 255.7053094408495
frame_023028 1 278.3626696002933 155.2986631996533 382.3626696002933 255.2986631996533
frame_023029 1 288.4930373360242 156.00309451732255 390.4930373360242 256.00309451732255
frame_023030 1 302.1921568627451 154.65414516683865 402.1921568627451 255.65414516683865
frame_023031 1 313.7501146263182 155.48779670581595 411.7501146263182 254.48779670581595
frame_023032 1 323.84879873399507 155.46025751690402 422.84879873399507 254.46025751690402
frame_023033 1 336.73274496492417 155.11812627291243 430.73274496492417 254.11812627291243
frame_023034 1 353.38248058474187 154.97049642150142 434.38248058474187 252.97049642150142
frame_023035 1 356.0358711021805 155.92632283991964 456.0358711021805 254.92632283991964
frame_023036 1 365.4594946116685 155.76852471200294 469.4594946116685 256.76852471200294
frame_023037 1 377.72142202675457 155.24082829393438 481.72142202675457 257.2408282939344
frame_023038 1 394.61299562792095 157.73530830695006 498.61299562792095 258.73530830695006
frame_023039 1 402.88214027476494 155.9920134095839 506.88214027476494 256.99201340958393
frame_023040 1 417.03109563768373 157.97268344938405 522.0310956376837 258.972683449384
frame_023041 1 428.5159426066162 154.67593330676232 523.5159426066161 256.6759333067623
frame_023042 1 441.1041854862993 153.58936398005955 529.1041854862992 256.58936398005955
frame_023043 1 444.97672541803854 154.5098134159726 550.9767254180385 257.5098134159726
frame_023044 1 455.26128883622954 161.63006845708264 562.2612888362296 254.63006845708264
frame_023045 1 468.3429062346588 164.9416240723093 575.3429062346588 257.9416240723093
frame_023046 1 480.277832796897 158.75940139198372 587.277832796897 260.7594013919837
frame_023047 1 494.36790299149095 157.8616768952533 600.367902991491 258.8616768952533
frame_023048 1 505.14976865821757 156.46680748340376 612.1497686582176 261.4668074834037
frame_025041 1 32.528859023737326 157.0449479636155 142.5288590237373 258.0449479636155
frame_025042 1 41.560226444706004 157.4602881004428 151.56022644470602 258.46028810044277
frame_025043 1 50.49341942913547 157.3323736667489 159.49341942913549 259.33237366674894
frame_025044 1 58.434317637669594 157.2139664804469 167.4343176376696 259.2139664804469
frame_025045 1 65.95102035483785 157.95240521543724 174.95102035483785 258.95240521543724
frame_025046 1 74.24768912987346 159.1328685773302 183.24768912987346 258.1328685773302
frame_025047 1 83.18322989298392 159.3923198733175 191.18322989298392 258.3923198733175
frame_025048 1 93.13492673429653 160.1339788912798 199.13492673429653 258.1339788912798
frame_025049 1 101.58258580592397 159.71378006082443 207.58258580592397 258.71378006082443
frame_025050 1 109.636875016017 159.63386381691907 216.636875016017 259.6338638169191
frame_025051 1 119.1491269281967 159.4680265184141 226.1491269281967 260.4680265184141
frame_025052 1 127.28398177629361 160.28317931195153 234.28398177629361 259.2831793119515
frame_025053 1 136.4789511605167 161.03231948947555 242.4789511605167 258.0323194894755
frame_025054 1 145.2829198966408 160.5864857881137 251.2829198966408 258.5864857881137
frame_025055 1 154.75638401175758 160.73120226753798 259.7563840117576 258.731202267538
frame_025056 1 163.16649521247132 161.6645564611854 269.1664952124713 257.6645564611854
frame_025057 1 171.80562481567867 161.91224965816778 277.8056248156787 257.91224965816775
frame_025058 1 180.72753308864418 163.13966744522298 285.7275330886442 258.139667445223
frame_025059 1 189.55121998720193 162.32143950143282 294.55121998720193 257.3214395014328
frame_025060 1 198.1554397665694 162.2384604696401 303.15543976656943 256.23846046964013
frame_025061 1 208.66946680667365 163.77208027068016 312.66946680667365 256.77208027068014
frame_025062 1 216.53261782683 162.75813273080152 321.53261782683 257.75813273080155
frame_025063 1 224.19049245658982 162.33518360375749 329.1904924565898 257.3351836037575
frame_025064 1 233.1475874581845 162.34246186993252 337.1475874581845 257.34246186993255
frame_025065 1 242.1241250717154 163.40100401606423 346.1241250717154 256.40100401606423
frame_025066 1 251.25668201430517 163.86110387165897 355.25668201430517 256.861103871659
frame_025067 1 259.3837723073392 162.81637688644057 363.3837723073392 256.8163768864406
frame_025068 1 267.9755206057958 163.23419251492643 372.9755206057958 257.23419251492646
frame_025069 1 277.02792730219363 163.25163512183826 381.02792730219363 256.25163512183826
frame_025070 1 285.9844153607715 162.81413236897993 389.9844153607715 256.8141323689799
frame_025071 1 294.9232655098505 162.41601338853167 399.9232655098505 256.41601338853167
frame_025072 1 303.85269685269685 163.14320814320814 407.85269685269685 257.14320814320814
frame_025073 1 311.3891746684956 163.60948216735252 416.3891746684956 257.60948216735255
frame_025074 1 320.31723252335394 163.9266785200237 425.31723252335394 257.9266785200237
frame_025075 1 329.12803447788605 163.9360180867599 434.12803447788605 257.9360180867599
frame_025076 1 338.7411298853532 163.85147382565683 443.7411298853532 257.85147382565685
frame_025077 1 346.6582333361304 164.38320606416602 451.6582333361304 258.383206064166
frame_025078 1 354.4728061394728 165.34448337226112 460.4728061394728 258.34448337226115
frame_025079 1 363.9098205854579 164.92865078042547 468.9098205854579 258.92865078042547
frame_025080 1 373.0398865153538 165.35811637739207 477.0398865153538 258.3581163773921
frame_025081 1 381.8646669483171 165.22767215885088 485.8646669483171 258.22767215885085
frame_025082 1 389.6703323349023 164.96676650977034 494.6703323349023 258.9667665097703
frame_025083 1 398.28592776022543 165.02439302080663 503.28592776022543 259.02439302080666
frame_025084 1 407.07822837013487 165.43205315462382 512.0782283701349 259.4320531546238
frame_025085 1 416.7447544418611 165.11828697723814 519.7447544418611 259.11828697723814
frame_025086 1 424.23010640758724 165.87355424473742 530.2301064075873 258.8735542447374
frame_025087 1 433.2699414406731 165.90934675081016 539.2699414406732 258.9093467508102
frame_025088 1 442.11902304781563 166.33012269235178 548.1190230478156 259.3301226923518
frame_025089 1 451.94677176512266 165.53992855666752 557.9467717651227 259.5399285566675
frame_025090 1 461.42476258949694 165.2820766304185 567.4247625894969 259.2820766304185
frame_025091 1 471.8624421750894 165.6461260946728 575.8624421750894 259.6461260946728
frame_025092 1 480.6066265415707 168.6673452528471 585.6066265415707 259.6673452528471
frame_025093 1 490.58670055803896 165.75848014725216 594.586700558039 260.75848014725216
frame_025094 1 500.4292510742787 164.55429711479434 605.4292510742787 259.55429711479434
frame_025095 1 506.64494147827475 164.295670995671 611.6449414782747 259.295670995671
frame_025552 1 57.17353028946583 118.04084601611459 138.17353028946582 207.04084601611459
frame_025553 1 77.72395064532 117.95861246735552 158.72395064532 206.95861246735552
frame_025554 1 98.59169799855684 120.032243363336 178.59169799855684 206.032243363336
frame_025555 1 117.32058329515957 120.3818521911742 197.32058329515957 206.3818521911742
frame_025556 1 136.18720644151196 119.28532021173487 215.18720644151196 208.28532021173487
frame_025557 1 155.04179313565257 119.28733753599502 234.04179313565257 207.28733753599502
frame_025558 1 174.21947355593468 117.51137379153465 252.21947355593468 207.51137379153465
frame_025559 1 193.83209183050434 119.14779989416695 271.83209183050434 207.14779989416695
frame_025560 1 214.53927866649872 117.85930217911576 292.5392786664987 207.85930217911576
frame_025561 1 233.50074457245864 121.26886903362333 310.50074457245864 210.26886903362333
frame_025562 1 251.42683867484283 122.41438158046975 328.4268386748428 211.41438158046975
frame_025563 1 270.2465859714463 123.41224394785849 347.2465859714463 211.41224394785849
frame_025564 1 287.8879430970149 126.06417133084577 365.8879430970149 209.06417133084577
frame_025565 1 307.1731810689899 125.96766344870889 384.1731810689899 208.9676634487089
frame_025566 1 325.28987043580685 125.82909305064783 403.28987043580685 208.82909305064783
frame_025567 1 343.4372453137734 124.98443357783208 421.4372453137734 207.98443357783208
frame_025568 1 362.46998219282625 123.89425930636816 440.46998219282625 206.89425930636816
frame_025569 1 382.56470459995637 122.56302594288204 461.56470459995637 206.56302594288204
frame_025570 1 401.9790400704535 125.8826508146191 481.9790400704535 203.8826508146191
frame_025571 1 423.3653925705303 123.37908496732024 502.3653925705303 210.37908496732024
frame_025572 1 441.285808394504 127.6324298889516 522.285808394504 212.6324298889516
frame_025573 1 457.6713583556747 128.46991361334523 538.6713583556748 216.46991361334523
frame_025574 1 477.44092477570734 125.77895100069011 559.4409247757073 223.7789510006901
frame_025575 1 497.5656256594218 128.18013645635506 580.5656256594218 226.18013645635506
frame_026465 1 405.3509450171821 91.22207903780068 435.3509450171821 113.22207903780068
frame_026466 1 402.93648763853366 91.36359761295822 432.93648763853366 113.36359761295822
frame_026467 1 400.7268170426065 91.73266499582287 430.7268170426065 112.73266499582287
frame_026468 1 398.592704554615 91.45929060862555 429.592704554615 112.45929060862555
frame_026469 1 396.78659286592864 90.69782697826977 427.78659286592864 112.69782697826977
frame_026470 1 395.12266500622667 90.32689912826899 426.12266500622667 113.32689912826899
frame_026471 1 393.8277254374159 91.0103185284881 423.8277254374159 113.0103185284881
frame_026472 1 392.66433891992546 91.03351955307262 420.66433891992546 113.03351955307262
frame_026473 1 390.6020776874435 91.4159891598916 418.6020776874435 113.4159891598916
frame_026474 1 388.2442636629119 91.15853149770545 417.2442636629119 113.15853149770545
frame_026475 1 385.9770459081836 91.1808383233533 414.9770459081836 113.1808383233533
frame_026476 1 384.0433789954338 90.9269406392694 413.0433789954338 112.9269406392694
frame_026477 1 382.20045045045043 90.13288288288288 411.20045045045043 113.13288288288288
frame_026478 1 380.3188848188848 90.85347985347985 409.3188848188848 114.85347985347985
frame_026479 1 377.8397513036502 90.77557160048134 406.8397513036502 115.77557160048134
frame_026480 1 375.8997785160576 91.16961978589885 404.8997785160576 116.16961978589885
frame_026481 1 373.7483033932136 90.53393213572853 402.7483033932136 115.53393213572853
frame_026482 1 371.47993643226056 90.14779499404052 401.47993643226056 116.14779499404052
frame_026483 1 369.7628442252363 90.2367447595561 399.7628442252363 116.2367447595561
frame_026484 1 368.50386597938143 90.48926116838487 397.50386597938143 116.48926116838487
frame_026485 1 366.8475711892797 91.15326633165829 394.8475711892797 117.15326633165829
frame_026486 1 364.02732582394657 90.96620775969963 393.02732582394657 116.96620775969963
frame_026487 1 361.9535200311162 90.55075845974329 390.9535200311162 116.55075845974329
frame_026488 1 359.6967729240456 90.28473042109404 388.6967729240456 115.28473042109404
frame_026489 1 357.73202224870874 89.6233611442193 386.73202224870874 115.6233611442193
frame_026490 1 355.5579514824798 90.30548068283916 384.5579514824798 113.30548068283916
frame_026491 1 353.4528377298161 90.97402078337329 382.4528377298161 114.97402078337329
frame_026492 1 350.8500397772474 90.82617342879873 379.8500397772474 115.82617342879873
frame_026493 1 348.08379070618366 90.45042078302231 378.08379070618366 116.45042078302231
frame_026494 1 346.01039426523295 90.17670250896057 376.01039426523295 116.17670250896057
frame_026495 1 343.8860952380952 89.31828571428571 373.8860952380952 116.31828571428571
frame_026496 1 342.08688591149 89.50182704019488 372.08688591149 115.50182704019488
frame_026497 1 340.60717410323707 89.30402449693787 369.60717410323707 115.30402449693787
frame_026498 1 338.3645546372819 89.22268135904498 367.3645546372819 115.22268135904498
frame_026499 1 336.6743714517437 89.86050283860503 364.6743714517437 115.86050283860503
frame_026500 1 334.03499810821035 89.31687476352629 363.03499810821035 116.31687476352629
frame_026501 1 331.5373931623932 88.9380341880342 361.5373931623932 115.9380341880342
frame_026502 1 329.7320332249909 89.0624774286746 359.7320332249909 115.0624774286746
frame_026503 1 328.0302166476625 88.94108703914861 357.0302166476625 114.94108703914861
frame_026504 1 325.7025761124122 89.6128024980484 354.7025761124122 114.6128024980484
frame_026505 1 323.3038630027877 89.86399840700915 351.3038630027877 114.86399840700915
frame_026506 1 320.1244935543278 89.55764272559851 350.1244935543278 115.55764272559851
frame_026507 1 317.9879688605803 89.30077848549186 347.9879688605803 115.30077848549186
frame_026508 1 316.1471954269382 89.03501250446587 346.1471954269382 115.03501250446587
frame_026509 1 313.960711331679 88.22291149710503 343.960711331679 114.22291149710503
frame_026510 1 311.8026490066225 87.93642384105961 341.8026490066225 113.93642384105961
frame_026511 1 309.89755766621437 88.0802804161013 338.89755766621437 113.0802804161013
frame_026512 1 307.54 87.70755555555554 336.54 112.70755555555554
frame_026513 1 305.0901268115942 88.58605072463767 334.0901268115942 110.58605072463767
frame_026514 1 302.2473404255319 88.48226950354609 332.2473404255319 110.48226950354609
frame_026515 1 299.8797061524334 88.65472910927456 329.8797061524334 109.65472910927456
frame_026516 1 298.0217606330366 88.73343224530167 328.0217606330366 108.73343224530167
frame_026517 1 296.125434674615 88.68802781917535 325.125434674615 108.68802781917535
frame_026518 1 293.8245869776482 89.15986394557822 322.8245869776482 108.15986394557822
frame_026519 1 291.03666184274 89.2563917028461 321.03666184274 108.2563917028461
frame_026520 1 288.4385342789598 89.08156028368795 319.4385342789598 108.08156028368795
frame_026521 1 286.3811928811929 88.83333333333333 317.3811928811929 107.83333333333333
frame_026522 1 284.87301587301585 88.46775793650792 314.87301587301585 108.46775793650792
frame_026523 1 282.63070316693506 88.8322597960279 312.63070316693506 107.8322597960279
frame_026524 1 280.4240155296727 89.35773710482529 309.4240155296727 107.35773710482529
frame_026525 1 278.39614243323444 88.9263105835806 308.39614243323444 107.9263105835806
frame_026526 1 276.21137093076567 89.09376432828977 306.21137093076567 108.09376432828977
frame_026527 1 273.8686030428769 88.97717842323651 303.8686030428769 107.97717842323651
frame_026528 1 271.947201946472 88.51338199513381 300.947201946472 108.51338199513381
frame_026529 1 269.32775240994414 88.6790969051243 299.32775240994414 107.6790969051243
frame_026530 1 267.3042168674699 88.80321285140562 296.3042168674699 107.80321285140562
frame_026531 1 264.821568627451 88.88578431372548 293.821568627451 107.88578431372548
frame_026532 1 262.51292705447827 88.52169898430284 292.51292705447827 107.52169898430284
frame_026533 1 260.6693657219973 88.17881241565452 290.6693657219973 107.17881241565452
frame_026534 1 258.711079943899 88.03716690042076 288.711079943899 107.03716690042076
frame_026535 1 256.45241654210264 87.91056302939711 286.45241654210264 106.91056302939711
frame_026536 1 254.46153846153845 87.8568376068376 283.46153846153845 106.8568376068376
frame_026537 1 252.06297502714438 88.2084690553746 281.0629750271444 106.2084690553746
frame_026538 1 249.94018404907973 88.23926380368098 278.94018404907973 106.23926380368098
frame_026539 1 247.86159003831415 87.64703065134098 276.86159003831415 106.64703065134098
frame_026540 1 245.2032520325203 86.98469631755141 275.2032520325203 106.98469631755141
frame_026541 1 243.2636320531057 86.93788525367472 273.2636320531057 106.93788525367472
frame_026542 1 241.27810650887574 87.4008875739645 271.27810650887574 106.4008875739645
frame_026543 1 239.34051510648834 87.38013868251609 268.34051510648834 106.38013868251609
frame_026544 1 236.86877394636014 87.28591954022988 265.86877394636014 106.28591954022988
frame_026545 1 234.30248618784532 87.1611418047882 264.3024861878453 106.1611418047882
frame_026546 1 231.83605812897363 86.29109900090825 262.8360581289736 106.29109900090825
frame_026547 1 230.21225071225072 86.07882241215574 260.2122507122507 106.07882241215574
frame_026548 1 227.82385229540915 85.937624750499 257.82385229540915 105.937624750499
frame_026549 1 225.5046439628483 85.83230134158926 255.5046439628483 105.83230134158926
frame_026550 1 223.81592421915002 85.75627240143369 252.81592421915002 105.75627240143369
frame_026551 1 221.06752873563218 85.05459770114942 251.06752873563218 106.05459770114942
frame_026552 1 218.94795872588602 85.509645580978 248.94795872588602 105.509645580978
frame_026553 1 216.89802336028748 84.71922731356692 246.89802336028748 105.71922731356692
frame_026554 1 214.706316274781 84.01659751037344 244.706316274781 106.01659751037344
frame_026555 1 212.44648750589343 85.17538896746818 242.44648750589343 105.17538896746818
frame_026556 1 210.022159358793 84.63578500707213 240.022159358793 105.63578500707213
frame_026557 1 207.78379568472036 84.59555261999118 237.78379568472036 105.59555261999118
frame_026558 1 205.7016197783461 84.43563512361465 235.7016197783461 105.43563512361465
frame_026559 1 203.4786771105309 84.18015665796345 234.4786771105309 105.18015665796345
frame_026560 1 201.298835125448 84.00358422939067 232.298835125448 105.00358422939067
frame_026561 1 199.1283846872082 83.9327731092437 230.1283846872082 104.9327731092437
frame_026562 1 197.18920257553242 83.78281327389796 227.18920257553242 104.78281327389796
frame_026563 1 195.29803921568626 84.16911764705883 225.29803921568626 104.16911764705883
frame_026564 1 193.07244383310407 83.56877579092159 223.07244383310407 104.56877579092159
frame_026565 1 190.90922431865826 83.1559748427673 221.90922431865826 105.1559748427673
frame_026566 1 189.21882951653944 83.13273960983884 220.21882951653944 105.13273960983884
frame_026567 1 187.55213903743316 83.09224598930481 217.55213903743316 105.09224598930481
frame_026568 1 185.51633109619686 83.61096196868007 215.51633109619686 104.61096196868007
frame_026569 1 183.28526077097504 83.54943310657596 213.28526077097504 104.54943310657596
frame_026570 1 181.30917874396135 83.5421607378129 211.30917874396135 104.5421607378129
frame_026571 1 178.96752136752136 83.45726495726494 209.96752136752136 104.45726495726494
frame_026572 1 177.33821656050955 83.21847133757962 208.33821656050955 104.21847133757962
frame_026573 1 175.42847682119205 83.0942604856512 206.42847682119205 104.0942604856512
frame_026574 1 173.368260665729 83.2444913267698 204.368260665729 104.2444913267698
frame_026575 1 171.7566765578635 83.37388724035608 201.7566765578635 104.37388724035608
frame_026576 1 169.92084562438544 83.80776794493609 199.92084562438544 103.80776794493609
frame_026577 1 168.4145299145299 83.5807217473884 197.4145299145299 103.5807217473884
frame_026578 1 166.16935483870967 83.02150537634408 196.16935483870967 104.02150537634408
frame_026579 1 164.3098091433644 82.9607190412783 194.3098091433644 103.9607190412783
frame_026580 1 162.28191249436173 82.95376635092467 192.28191249436173 103.95376635092467
frame_026581 1 160.3015873015873 82.89449112978524 190.3015873015873 103.89449112978524
frame_026582 1 158.20241411327763 83.33658310120704 188.20241411327763 103.33658310120704
frame_026583 1 156.2808510638298 83.1304964539007 186.2808510638298 103.1304964539007
frame_026584 1 154.25056844020008 83.00682128240109 184.25056844020008 103.00682128240109
frame_026585 1 152.28441788401946 82.9384683488269 183.28441788401946 102.9384683488269
frame_026586 1 150.51823281907434 82.61804581580176 181.51823281907434 102.61804581580176
frame_026587 1 149.21393034825869 82.87761194029851 179.21393034825869 102.87761194029851
frame_026588 1 147.9144144144144 83.52119766825649 176.9144144144144 102.52119766825649
frame_026589 1 145.91611479028697 83.92384105960265 174.91611479028697 101.92384105960265
frame_026590 1 144.64636752136752 84.06570512820512 172.64636752136752 102.06570512820512
frame_026591 1 142.34281437125748 82.91467065868264 171.34281437125748 102.91467065868264
frame_026592 1 141.49451597520266 83.06771578445398 169.49451597520266 103.06771578445398
frame_026593 1 139.67600786627335 83.61701081612586 167.67600786627335 102.61701081612586
frame_026594 1 137.98557213930349 83.41641791044776 165.98557213930349 103.41641791044776
frame_026595 1 136.87747336377473 84.55301877219685 163.87747336377473 102.55301877219685
frame_026596 1 134.72860020140988 84.39979859013091 162.72860020140988 102.39979859013091
frame_026597 1 132.71142857142857 83.72095238095238 160.71142857142857 102.72095238095238
frame_026598 1 130.96905393457115 83.50132625994695 158.96905393457115 103.50132625994695
frame_026599 1 129.30630630630628 83.39054054054054 157.30630630630628 103.39054054054054
frame_026600 1 128.31761904761905 82.87380952380953 155.31761904761905 103.87380952380953
frame_026601 1 126.38665636269963 83.65069551777434 153.38665636269963 103.65069551777434
frame_026602 1 124.56534870950026 83.54585392641405 151.56534870950026 103.54585392641405
frame_026603 1 123.34741784037558 84.1731220657277 149.34741784037558 102.1731220657277
frame_026604 1 121.95535219079309 84.12312811980033 146.9553521907931 102.12312811980033
frame_026605 1 120.20734908136481 83.96299212598426 146.2073490813648 102.96299212598426
frame_026606 1 120.06689151208542 85.07223159078133 144.06689151208542 102.07223159078133
frame_026607 1 118.98765432098764 84.97901234567901 141.98765432098764 101.97901234567901
frame_026608 1 116.33023543990086 84.99380421313506 140.33023543990086 101.99380421313506
frame_026609 1 114.73937153419594 85.11552680221811 138.73937153419593 102.11552680221811
frame_026610 1 113.17828106852497 84.50580720092914 137.17828106852497 102.50580720092914
frame_026611 1 112.41421991940126 84.46977547495682 135.41421991940126 102.46977547495682
frame_026612 1 112.2846975088968 83.53024911032028 134.28469750889678 103.53024911032028
frame_026613 1 112.1921017402945 83.69946452476572 132.1921017402945 102.69946452476572
frame_026737 1 -12.474878907307684 100.08499052318061 178.5251210926923 210.0849905231806
frame_026738 1 -13.138082839095432 100.23122619219828 189.86191716090457 210.23122619219828
frame_026739 1 -24.483555614535646 65.02196639609551 263.51644438546435 254.0219663960955
frame_026740 1 -20.610277580173474 65.28028914900801 274.3897224198265 253.280289149008
frame_026741 1 -7.721874862401478 65.76803457942552 283.2781251375985 253.76803457942552
frame_026742 1 6.822003644619684 65.70383730656627 290.8220036446197 254.70383730656627
frame_026743 1 19.541201864446066 64.88371901630268 298.54120186444607 254.88371901630268
frame_026744 1 33.82468269645574 65.54265528385136 306.82468269645574 254.54265528385136
frame_026745 1 47.97206063404124 65.90847183748846 314.9720606340412 253.90847183748846
frame_026746 1 61.07785056933395 64.88098580564653 323.0778505693339 253.88098580564653
frame_026747 1 75.99087298739204 64.00710543314435 330.99087298739204 254.00710543314435
frame_026748 1 88.97083784108668 63.38519453459949 338.9708378410867 254.3851945345995
frame_026749 1 102.32355210493321 63.73998167526642 347.32355210493324 253.73998167526642
frame_026750 1 108.91076423855878 65.58276187279208 362.9107642385588 253.58276187279208
frame_026751 1 137.58577065625826 91.08615583459584 369.58577065625826 236.08615583459584
frame_026752 1 151.91740850642924 91.59376942132121 378.91740850642924 235.5937694213212
frame_026753 1 166.87379483051603 90.1076021822735 387.87379483051603 237.1076021822735
frame_026754 1 182.33825086595238 90.1200488163822 397.3382508659524 237.1200488163822
frame_026755 1 197.3999626078363 91.06076226596511 407.3999626078363 237.0607622659651
frame_026756 1 214.573151271171 90.99397055090122 417.573151271171 236.99397055090122
frame_026757 1 226.79345914686098 90.95751527347218 427.793459146861 236.95751527347218
frame_026758 1 237.92321107417297 90.24501789379983 437.92321107417297 237.24501789379983
frame_026759 1 250.11129148629146 90.26459235209234 450.11129148629146 237.26459235209234
frame_026760 1 261.95656615407063 89.54440066400335 461.95656615407063 237.54440066400335
frame_026761 1 274.3748661045346 88.11501277156748 473.3748661045346 239.11501277156748
frame_026762 1 286.5812865819481 88.25812957705065 486.5812865819481 239.25812957705065
frame_026763 1 294.38290166812993 88.59048507462686 504.38290166812993 239.59048507462686
frame_026764 1 310.54228634151167 89.61625594932835 513.5422863415117 239.61625594932835
frame_026765 1 322.3664964629541 90.32438877364677 525.366496462954 239.32438877364677
frame_026766 1 335.0553761288313 89.97109746874858 533.0553761288313 240.97109746874858
frame_026767 1 346.14294355899216 90.53440990303858 550.1429435589921 241.53440990303858
frame_026768 1 356.87954325729663 90.97741109456246 562.8795432572966 241.97741109456246
frame_026769 1 367.88687222672627 90.89378961041226 575.8868722267263 241.89378961041226
frame_026770 1 380.60773371736184 91.49200226302526 591.6077337173618 240.49200226302526
frame_026771 1 392.05686104597817 90.58194855065076 604.0568610459782 241.58194855065076
frame_026772 1 403.2317731848433 91.31804956355975 616.2317731848433 242.31804956355975
frame_026773 1 414.40666583655 91.26188104428672 628.40666583655 242.26188104428672
frame_026774 1 427.7819617295489 91.4367488153213 636.7819617295489 243.4367488153213
frame_026775 1 440.5015322844969 93.62558997050147 638.5015322844969 244.62558997050147
frame_026776 1 454.17220387688735 94.08922974801072 639.1722038768874 245.08922974801072
frame_026777 1 467.3922006052745 94.65653264159099 640.3922006052745 245.65653264159099
frame_029508 1 533.3974177573399 77.09751208583891 582.3974177573399 125.09751208583891
frame_029509 1 528.2148732008225 78.04717843271646 578.2148732008225 125.04717843271646
frame_029510 1 524.639424763241 79.60510931836781 574.639424763241 124.60510931836781
frame_029511 1 521.0603448275862 82.56381704980842 571.0603448275862 122.56381704980842
frame_029512 1 516.8800316186306 83.74729417487534 567.8800316186306 121.74729417487534
frame_029513 1 512.7406783888265 84.59664546701583 563.7406783888265 121.59664546701583
frame_029514 1 507.58112479781005 83.33806146572103 558.58112479781 123.33806146572103
frame_029515 1 502.4861739567622 83.346279537456 554.4861739567622 123.346279537456
frame_029516 1 498.576287110109 83.39709382437678 549.576287110109 123.39709382437678
frame_029517 1 494.48031746031745 83.46006349206348 545.4803174603175 123.46006349206348
frame_029518 1 491.9810379241517 83.55382568196939 540.9810379241517 123.55382568196939
frame_029519 1 488.1381454447147 83.61367937280345 537.1381454447147 123.61367937280345
frame_029520 1 483.7658140814081 83.66831683168317 533.765814081408 123.66831683168317
frame_029521 1 480.33468027789587 83.77215369346376 529.3346802778958 123.77215369346376
frame_029522 1 475.4042673449201 85.56146672318779 525.4042673449201 122.56146672318779
frame_029523 1 470.88683044703987 86.13303799167673 518.8868304470399 122.13303799167673
frame_029524 1 466.9885382955771 85.6685544768069 513.9885382955771 122.6685544768069
frame_029525 1 463.2220819304152 85.05289001122334 511.2220819304152 123.05289001122334
frame_029526 1 458.11804973456265 85.08661637328862 507.11804973456265 123.08661637328862
frame_029527 1 453.4860061572907 85.12706409179961 503.4860061572907 123.12706409179961
frame_029528 1 449.2765644687106 84.36105277894441 498.2765644687106 124.36105277894441
frame_029529 1 445.0301120448179 83.41806722689076 494.0301120448179 125.41806722689076
frame_029530 1 442.28420684835777 83.56268343815513 489.28420684835777 125.56268343815513
frame_029531 1 437.77475592747555 83.38493723849372 485.77475592747555 125.38493723849372
frame_029532 1 433.55694792536895 84.48802561960456 481.55694792536895 123.48802561960456
frame_029533 1 428.703673245614 85.07908442982455 477.703673245614 123.07908442982455
frame_029534 1 424.3951039570758 84.70684104627766 473.3951039570758 123.70684104627766
frame_029535 1 419.9981641751901 84.46144767899293 468.9981641751901 124.46144767899293
frame_029536 1 415.63341112407625 84.03403345001945 464.63341112407625 125.03403345001945
frame_029537 1 411.31783556606246 83.67152613606514 460.31783556606246 125.67152613606514
frame_029538 1 405.2619222303742 83.28821227684028 455.2619222303742 126.28821227684028
frame_029539 1 399.80875408645113 82.7991282237559 450.80875408645113 126.7991282237559
frame_029540 1 395.4602034709754 82.78084979054456 445.4602034709754 126.78084979054456
frame_029541 1 390.5626619552414 82.39422850412248 440.5626619552414 127.39422850412248
frame_029542 1 386.02301699716713 82.41111898016997 436.02301699716713 127.41111898016997
frame_029543 1 381.52161587526575 82.50283486888732 431.52161587526575 127.50283486888732
frame_029544 1 377.40952715355803 83.22460205992508 426.40952715355803 128.22460205992508
frame_029545 1 373.13339233038346 83.58884955752212 422.13339233038346 128.5888495575221
frame_029546 1 369.61415692007796 83.932626705653 418.61415692007796 128.932626705653
frame_029547 1 366.1927783836181 83.88476917484552 414.1927783836181 129.88476917484553
frame_029548 1 362.23008521674694 84.15382240335926 410.23008521674694 129.15382240335924
frame_029549 1 358.23386573172314 85.28970263602127 406.23386573172314 127.28970263602127
frame_029550 1 354.01887283613166 85.22784068723155 402.01887283613166 128.22784068723155
frame_029551 1 349.3644240570846 83.40787461773701 397.3644240570846 130.407874617737
frame_029552 1 345.2493863524791 83.02245949926362 392.2493863524791 132.02245949926362
frame_029553 1 340.3175939482674 82.42557345046363 388.3175939482674 132.42557345046362
frame_029554 1 335.9642288374372 83.13181428396422 383.9642288374372 131.13181428396422
frame_029555 1 331.97968980797634 83.42454455933037 378.97968980797634 130.42454455933037
frame_029556 1 326.7433607240681 83.66446349886864 374.7433607240681 130.66446349886866
frame_029557 1 322.4143230093746 83.17621929512282 369.4143230093746 131.17621929512282
frame_029558 1 319.0887370019862 81.91500175254119 364.0887370019862 132.91500175254117
frame_029559 1 314.9289569400446 80.66695999061362 359.9289569400446 133.66695999061363
frame_029560 1 310.930358829084 80.51097733711048 355.930358829084 133.5109773371105
frame_029561 1 306.2242769084874 80.04646752015172 352.2242769084874 133.04646752015174
frame_029562 1 302.67559413865285 79.84780199482822 347.67559413865285 131.84780199482822
frame_029563 1 297.47144855653056 79.2119420068676 343.47144855653056 130.21194200686762
frame_029564 1 292.4240041928721 80.167714884696 338.4240041928721 126.167714884696
frame_029565 1 287.57333857648445 79.81111548040371 333.57333857648445 125.81111548040371
frame_029566 1 282.5613756613756 81.37857142857143 328.5613756613756 124.37857142857143
frame_029567 1 278.6782124422711 81.97473512632436 323.6782124422711 123.97473512632436
frame_029568 1 274.3487972508591 81.65979381443299 319.3487972508591 123.65979381443299
frame_029569 1 269.56147300469485 81.38394953051642 315.56147300469485 123.38394953051642
frame_029570 1 266.65878900216245 82.30151374729688 310.65878900216245 122.30151374729688
frame_029571 1 263.0126984126984 84.27412698412698 306.0126984126984 120.27412698412698
frame_029572 1 258.8112382769035 84.15402956604673 301.8112382769035 120.15402956604673
frame_029573 1 254.1958433253397 83.99840127897681 298.1958433253397 119.99840127897681
frame_029574 1 250.71010594947023 83.61418092909535 293.71010594947023 119.61418092909535
frame_029575 1 246.54545454545456 84.0791788856305 289.54545454545456 119.0791788856305
frame_029576 1 241.92467089224766 83.89232894522996 284.92467089224766 118.89232894522996
frame_029577 1 237.66243148978577 83.89960139511709 280.6624314897858 118.89960139511709
frame_029578 1 233.41486146095718 84.35096557514693 276.4148614609572 118.35096557514693
frame_029579 1 229.32445561139028 83.92646566164153 271.32445561139025 117.92646566164153
frame_029580 1 223.97076461769115 82.94077961019491 266.97076461769115 117.94077961019491
frame_029581 1 219.1212744090442 83.3693045563549 262.1212744090442 117.3693045563549
frame_029582 1 215.17003978550423 83.96843106728939 257.17003978550423 116.96843106728939
frame_029583 1 211.4302203567681 85.45120671563484 252.4302203567681 116.45120671563484
frame_029584 1 206.25413948820872 84.87305569493226 249.25413948820872 116.87305569493226
frame_029585 1 202.26563022400532 84.69023737880306 244.26563022400532 116.69023737880306
frame_029586 1 197.25403093122736 84.04540967423495 240.25403093122736 117.04540967423495
frame_029587 1 192.92129629629628 83.96875 235.92129629629628 116.96875
frame_029588 1 188.07080663709544 84.32249055363889 232.07080663709544 116.32249055363889
frame_029589 1 183.33479960899317 84.22906484196807 228.33479960899317 116.22906484196807
frame_029590 1 179.01267150928166 84.13833736884584 224.01267150928166 116.13833736884584
frame_029591 1 174.94695481335953 83.57662082514734 219.94695481335953 116.57662082514734
frame_029592 1 170.92366666666666 83.87566666666666 215.92366666666666 115.87566666666666
frame_029593 1 166.80847514180846 83.81548214881548 211.80847514180846 115.81548214881548
frame_029594 1 161.7197524833089 83.4737013515714 207.7197524833089 115.4737013515714
frame_029595 1 156.27461059190028 84.1619937694704 202.27461059190028 115.1619937694704
frame_029596 1 151.3125774473358 84.67193308550186 197.3125774473358 114.67193308550186
frame_029597 1 146.1895919303072 84.70090172703652 193.1895919303072 114.70090172703652
frame_029598 1 142.0627666057282 84.4282449725777 188.0627666057282 115.4282449725777
frame_029599 1 136.48414470745868 83.93300580616346 184.48414470745868 115.93300580616346
frame_029600 1 132.99363245964756 83.02073152672885 178.99363245964756 117.02073152672885
frame_029601 1 127.28826130366565 83.1781486235915 175.28826130366565 117.1781486235915
frame_029602 1 121.8136009832036 82.46633893213163 171.8136009832036 118.46633893213163
frame_029603 1 117.9345591142744 82.22241992882562 166.9345591142744 119.22241992882562
frame_029604 1 114.53702280297207 79.47745324109658 162.53702280297207 123.47745324109658
frame_029605 1 109.84471889875206 79.8557185128007 159.84471889875206 122.8557185128007
frame_029606 1 105.97712181576722 76.73542194856935 154.97712181576722 125.73542194856935
frame_029607 1 99.61170041787207 66.49485695917711 149.61170041787207 129.49485695917713
frame_029608 1 94.01193971422978 61.980916030534345 145.01193971422978 127.98091603053435
frame_029609 1 89.5570899900713 60.06119685892229 139.5570899900713 126.06119685892229
frame_029610 1 84.76712084780479 60.639326743254074 134.7671208478048 122.63932674325407
frame_029611 1 79.41158080140906 60.212901805372084 130.41158080140906 121.21290180537208
frame_029612 1 75.73704481792716 59.09996498599439 125.73704481792716 121.09996498599439
frame_029613 1 70.99092473118279 59.60546236559139 121.99092473118279 120.60546236559139
frame_029614 1 66.73506694129763 59.64684174390662 117.73506694129763 120.64684174390662
frame_029615 1 62.55173457911583 59.630028549182455 113.55173457911583 120.63002854918246
frame_029616 1 59.15873428695275 60.29804941482445 109.15873428695275 120.29804941482445
frame_043324 1 511.56804141651435 52.03036630992777 601.5680414165143 134.03036630992779
frame_043325 1 511.0797308968589 51.51468248556752 595.0797308968589 132.5146824855675
frame_043326 1 510.6501826289075 50.84412504150656 589.6501826289075 130.84412504150657
frame_043327 1 509.84258562760135 50.33834812697458 583.8425856276014 130.33834812697458
frame_043328 1 509.8226748904399 51.83038467781205 576.8226748904399 129.83038467781205
frame_043329 1 509.15319836188496 53.29454346195996 571.153198361885 130.29454346195996
frame_043330 1 506.33256062767475 54.48092011412268 567.3325606276748 130.48092011412268
frame_043331 1 502.354066691276 54.23483450227636 563.354066691276 131.23483450227636
frame_043332 1 499.41380019991766 52.929146821896865 560.4138001999177 130.92914682189686
frame_043333 1 494.61389652014645 53.00852793040292 559.6138965201465 129.00852793040292
frame_043334 1 488.5844495262986 52.498366546880106 559.5844495262986 128.4983665468801
frame_043335 1 482.4179693545891 51.888072021874834 559.4179693545891 128.88807202187485
frame_043336 1 477.20437956204375 52.30008937881722 559.2043795620438 129.30008937881723
frame_043337 1 471.08149800873275 52.923036322633266 560.0814980087328 128.92303632263327
frame_043338 1 465.5285367751384 53.89651700306649 559.5285367751384 127.89651700306649
frame_043339 1 460.0013307635829 53.78046989720997 559.0013307635829 127.78046989720997
frame_043340 1 453.9248877896858 53.78533479893743 558.9248877896857 127.78533479893743
frame_043341 1 449.44334588826115 64.77832705586943 509.44334588826115 127.77832705586943
frame_043342 1 443.86833100015554 63.71130813501321 503.86833100015554 129.7113081350132
frame_043343 1 438.9310439776571 63.27523404924867 497.9310439776571 130.27523404924867
frame_043344 1 434.1248821866164 63.24583726044611 492.1248821866164 130.2458372604461
frame_043345 1 429.38759208674776 64.1937753497227 486.38759208674776 128.1937753497227
frame_043346 1 424.24659262998483 64.98174322732626 481.24659262998483 126.98174322732626
frame_043347 1 417.72396335583414 64.54942140790743 475.72396335583414 127.54942140790743
frame_043348 1 412.8737560654659 64.48692326671602 470.8737560654659 127.48692326671602
frame_043349 1 408.29647635668573 64.40999750685614 465.29647635668573 127.40999750685614
frame_043350 1 403.0230087014725 63.897841365461844 460.0230087014725 127.89784136546184
frame_043351 1 397.83543877379145 63.89759137611587 454.83543877379145 127.89759137611587
frame_043352 1 392.2204005006258 63.612724238631614 449.2204005006258 128.6127242386316
frame_043353 1 387.1689689195856 63.17118894918599 443.1689689195856 129.171188949186
frame_043354 1 381.31622368528 63.577460781923094 438.31622368528 128.5774607819231
frame_043355 1 376.70142646335466 62.88842433185768 432.70142646335466 129.88842433185766
frame_043356 1 371.3308313155771 62.91614205004035 427.3308313155771 130.91614205004035
frame_043357 1 366.7572325443285 62.20976499533383 421.7572325443285 131.20976499533384
frame_043358 1 362.8889739663093 61.77845839714139 415.8889739663093 131.77845839714138
frame_043359 1 356.87887289582824 62.03854598682605 411.87887289582824 132.03854598682605
frame_043360 1 352.9579463364293 62.03250773993808 405.9579463364293 131.03250773993807
frame_043361 1 347.3438313597043 62.338078441253046 401.3438313597043 131.33807844125306
frame_043362 1 342.0638698070003 61.352060843964665 396.0638698070003 133.35206084396467
frame_043363 1 337.67200591424347 61.57483160834565 390.67200591424347 133.57483160834565
frame_043364 1 332.83292262198125 60.93165763101692 385.83292262198125 133.93165763101692
frame_043365 1 326.2632456752773 60.75785431696532 381.2632456752773 133.75785431696534
frame_043366 1 322.6963195315767 61.35980761187787 375.6963195315767 132.35980761187787
frame_043367 1 316.8740829346092 60.638676236044645 370.8740829346092 133.63867623604466
frame_043368 1 312.0052609946568 60.07332511302917 366.0052609946568 134.07332511302917
frame_043369 1 307.3965233152084 59.389602899983515 360.3965233152084 134.38960289998352
frame_043370 1 303.12100514377266 59.353065182561764 355.12100514377266 133.35306518256175
frame_043371 1 298.3735571878279 59.22359216509268 350.3735571878279 132.22359216509267
frame_043372 1 293.0693311582382 59.07966286025014 345.0693311582382 130.07966286025015
frame_043373 1 287.43521625652494 61.61735645041013 339.43521625652494 125.61735645041013
frame_043374 1 282.4940998772774 61.472387425658454 334.4940998772774 125.47238742565845
frame_043375 1 277.54091473312326 61.35262102549413 329.54091473312326 125.35262102549413
frame_043376 1 273.2395411605938 61.621939464044715 324.2395411605938 124.62193946404471
frame_043377 1 268.68292193457756 61.0900060204696 318.68292193457756 124.0900060204696
frame_043378 1 264.76660516605165 60.79212792127922 312.76660516605165 123.79212792127922
frame_043379 1 257.43036087086193 60.90312158266228 309.43036087086193 123.90312158266228
frame_043380 1 250.94470680834314 61.89384100747736 304.94470680834314 122.89384100747736
frame_043381 1 246.6959706959707 61.704415954415936 298.6959706959707 121.70441595441594
frame_043382 1 241.6795905707196 61.35028949545078 293.6795905707196 121.35028949545078
frame_043383 1 237.08113407525173 60.95431902490725 288.0811340752517 120.95431902490725
frame_043384 1 232.96238651102465 61.01913099870298 281.96238651102465 120.01913099870298
frame_043385 1 226.3290964777948 61.093568147013784 277.3290964777948 120.09356814701378
frame_043386 1 219.7168784029038 61.60193587416818 272.71687840290383 119.60193587416818
frame_043387 1 214.8003003003003 61.09309309309309 267.8003003003003 120.09309309309309
frame_043388 1 210.10453767984706 60.845205755106136 262.10453767984706 119.84520575510614
frame_043389 1 205.16101010101008 60.73161616161616 257.1610101010101 119.73161616161616
frame_043390 1 200.99954086317723 60.68477706356494 251.99954086317723 119.68477706356494
frame_043391 1 195.48546131401548 60.71118824831471 247.48546131401548 119.71118824831471
frame_043392 1 190.3058122205663 60.30521609538003 242.3058122205663 120.30521609538003
frame_043393 1 185.17170470902732 60.460518198642816 236.17170470902732 119.46051819864282
frame_043394 1 179.62298366897105 59.69542130047088 231.62298366897105 119.69542130047088
frame_043395 1 175.89549711097825 59.29906355847777 224.89549711097825 119.29906355847777
frame_043396 1 172.1614132674083 59.03811289658013 219.1614132674083 119.03811289658013
frame_043397 1 168.27211205539817 58.66635190431225 213.27211205539817 118.66635190431225
frame_043398 1 159.20759878419452 59.17659574468085 210.20759878419452 119.17659574468085
frame_043399 1 152.5984181112058 59.45529032869186 205.5984181112058 120.45529032869186
frame_043400 1 147.73941336441337 60.542346542346536 199.73941336441337 119.54234654234654
frame_043401 1 141.39132242861103 59.63099528694205 194.39132242861103 121.63099528694205
frame_043402 1 135.9049415992812 59.0780772686433 188.9049415992812 123.0780772686433
frame_043403 1 129.68753273965427 59.83350794482277 183.68753273965427 123.83350794482277
frame_043404 1 124.72908093278463 60.13485939643347 177.72908093278463 124.13485939643347
frame_043405 1 119.28101644245143 59.998256103637274 172.28101644245143 124.99825610363727
frame_043406 1 114.67926143311323 59.0871036113149 167.67926143311323 126.0871036113149
frame_043407 1 109.83714328402806 56.872852233676966 162.83714328402806 132.87285223367695
frame_043408 1 105.21793680297398 56.59951982651796 158.21793680297398 132.59951982651796
frame_043409 1 99.25079654073737 56.62623274161734 153.25079654073738 132.62623274161734
frame_043410 1 91.26000590754688 55.79559887756609 149.26000590754688 131.79559887756608
frame_043411 1 86.3147711184521 58.416312726128666 144.3147711184521 130.41631272612867
frame_043412 1 80.8082282133729 62.86074697007173 138.8082282133729 126.86074697007173
frame_043413 1 75.03609062170706 66.53029504741833 133.03609062170705 125.53029504741833
frame_043414 1 69.84441535776614 67.20837696335079 127.84441535776614 124.20837696335079
frame_043415 1 64.08315677966101 67.30693855932203 122.08315677966101 123.30693855932203
frame_043416 1 59.05866185690972 66.0357296229494 117.05866185690972 124.0357296229494
frame_043417 1 53.73083548664944 66.43307493540051 111.73083548664944 122.43307493540051
