frame_026335 1 543.3159741984443 80.5554923164485 576.3159741984443 138.5554923164485
frame_026336 1 542.4548571428571 80.48609523809523 575.4548571428571 138.48609523809523
frame_026337 1 541.7333333333333 80.33479853479852 574.7333333333333 137.33479853479852
frame_026338 1 540.8982188295165 78.79825517993457 573.8982188295165 135.79825517993459
frame_026339 1 540.3138888888888 77.4484375 572.3138888888888 135.4484375
frame_026340 1 539.5146123431322 77.09644146467251 570.5146123431322 135.09644146467252
frame_026341 1 539.6169398907103 77.34134790528232 567.6169398907103 134.3413479052823
frame_026342 1 539.1460714933769 78.82299038287061 565.1460714933769 135.82299038287061
frame_026343 1 538.7370577281191 79.2582867783985 563.7370577281191 135.25828677839849
frame_026344 1 536.2995545657016 78.74461766889382 564.2995545657016 134.74461766889382
frame_026345 1 535.152641690682 77.54236311239193 564.152641690682 133.5423631123919
frame_026346 1 534.3987141444114 75.84985163204747 563.3987141444114 131.8498516320475
frame_026347 1 532.9476520400308 73.65338722093918 564.9476520400308 130.65338722093918
frame_026348 1 530.9378531073446 72.45894538606402 566.9378531073446 129.45894538606402
frame_026349 1 529.8870694522868 71.65123282514585 567.8870694522868 127.65123282514585
frame_026350 1 534.6443686006826 70.25722411831626 556.6443686006826 125.25722411831626
frame_026351 1 533.7060218112849 69.5976766239924 556.7060218112849 122.5976766239924
frame_026352 1 533.0558570782451 69.54613297150611 556.0558570782451 123.54613297150611
frame_026353 1 531.799269288631 70.24113475177305 555.799269288631 124.24113475177305
frame_026354 1 525.7432824981844 70.9983660130719 564.7432824981844 123.9983660130719
frame_026355 1 524.8453093812375 70.91982701264138 566.8453093812375 123.91982701264138
frame_026356 1 524.6830176461065 71.35065565808645 566.6830176461065 123.35065565808645
frame_026357 1 523.6804893549412 71.38592310136637 566.6804893549412 123.38592310136637
frame_026358 1 522.8841133397007 71.14629099013052 565.8841133397007 123.14629099013052
frame_026359 1 522.59912109375 71.13151041666666 564.59912109375 122.13151041666666
frame_026360 1 521.9776564051639 70.16368752068851 562.9776564051639 122.16368752068851
frame_026361 1 521.5599317988064 69.35242966751917 561.5599317988064 121.35242966751917
frame_026362 1 521.4191595441595 67.8687678062678 559.4191595441595 120.8687678062678
frame_026363 1 521.405132481008 66.86955716138594 556.405132481008 120.86955716138594
frame_026364 1 522.4091967403958 66.1010865347303 553.4091967403958 120.1010865347303
frame_026365 1 521.5355783866057 64.92846270928462 553.5355783866057 119.92846270928462
frame_026366 1 521.202875399361 64.77334043308483 553.202875399361 120.77334043308483
frame_026367 1 520.6853201457574 64.8033142460524 551.6853201457574 121.8033142460524
frame_026368 1 519.585548738923 64.9408657123381 550.585548738923 121.9408657123381
frame_026369 1 519.2587400484597 65.35600553824852 548.2587400484597 121.35600553824852
frame_026370 1 517.4786012526096 66.62125956854557 547.4786012526096 120.62125956854557
frame_026371 1 515.6609657947686 67.4141515761234 547.6609657947686 120.4141515761234
frame_026372 1 515.3858509294352 65.89974733802562 547.3858509294352 118.89974733802562
frame_026373 1 514.5796387520526 65.86015325670498 546.5796387520526 118.86015325670498
frame_026374 1 514.3845101258894 65.92802408319649 545.3845101258894 118.92802408319649
frame_026375 1 513.933896713615 65.98046948356806 543.933896713615 117.98046948356806
frame_026376 1 513.4122482531853 64.14467735306205 542.4122482531853 116.14467735306205
frame_026377 1 513.6054400336063 63.75572358748161 540.6054400336063 115.75572358748161
frame_026378 1 512.7468977321352 63.85815147625161 539.7468977321352 114.8581514762516
frame_026379 1 511.3932560137456 63.91817010309278 539.3932560137456 113.91817010309278
frame_026380 1 510.73315602836874 63.65381205673758 538.7331560283687 112.65381205673758
frame_026381 1 510.0114052076608 63.8718528082634 538.0114052076608 112.8718528082634
frame_026382 1 509.8596713021492 63.14854614412137 536.8596713021492 113.14854614412137
frame_026383 1 508.785642266586 62.540834845735034 536.785642266586 114.54083484573503
frame_026384 1 508.30061839218024 61.456014362657086 536.3006183921802 115.45601436265709
frame_026385 1 507.90753690753684 60.83313908313907 535.9075369075368 115.83313908313907
frame_026386 1 507.33576642335765 61.12895377128953 535.3357664233577 113.12895377128953
frame_026387 1 506.53796118575383 61.49029643847301 535.5379611857538 109.49029643847301
frame_026388 1 506.12042621632486 61.35383996783273 534.1204262163249 112.35383996783273
frame_026389 1 505.0806794055201 61.88187608569774 533.0806794055201 113.88187608569774
frame_026390 1 504.34147264811656 62.29263675941699 532.3414726481166 114.292636759417
frame_026391 1 503.3628762541806 63.248792270531396 531.3628762541806 114.2487922705314
frame_026392 1 502.3662414494361 63.81946755407654 530.3662414494361 114.81946755407654
frame_026393 1 501.3963913690476 64.15104166666666 529.3963913690476 115.15104166666666
frame_026394 1 500.84805890227574 64.58500669344042 527.8480589022757 114.58500669344042
frame_026395 1 499.97088054064795 64.14967203339296 526.970880540648 114.14967203339296
frame_026396 1 499.9436323366556 62.437209302325584 524.9436323366556 112.43720930232558
frame_026397 1 498.95858722635967 62.180320469419996 523.9585872263597 112.18032046942
frame_026398 1 497.8616878767582 61.95545880776959 522.8616878767582 112.95545880776959
frame_026399 1 496.891690009337 61.17250233426704 521.891690009337 112.17250233426704
frame_026400 1 495.9368794326241 60.437588652482276 520.9368794326241 112.43758865248228
frame_026401 1 495.02793427230046 60.23920187793426 520.0279342723004 112.23920187793426
frame_026402 1 494.05360896986684 60.23265592151367 519.0536089698669 112.23265592151367
frame_026403 1 493.37848554617545 62.46239447429009 518.3784855461754 105.4623944742901
frame_026404 1 492.2104093567251 60.10432748538011 517.2104093567251 112.10432748538011
frame_026405 1 491.7386286490156 60.70649468205475 515.7386286490156 112.70649468205475
frame_026406 1 490.8228663446054 60.28916494133885 514.8228663446055 112.28916494133885
frame_026407 1 490.2808339613162 63.776061291132876 514.2808339613161 104.77606129113288
frame_026408 1 489.68297246725473 63.57872226677358 513.6829724672548 103.57872226677358
frame_026409 1 489.589189952018 62.820208862545854 512.5891899520179 102.82020886254585
frame_026410 1 488.52247191011236 63.15082108902334 511.52247191011236 102.15082108902334
frame_026411 1 487.6619593998235 63.33142100617829 509.6619593998235 102.33142100617829
frame_026412 1 485.561971061971 61.777504777504774 508.561971061971 105.77750477750477
frame_026413 1 484.23682817050565 62.078766216573996 507.23682817050565 107.078766216574
frame_026414 1 482.91653290529695 61.884430176565004 505.91653290529695 106.884430176565
frame_026415 1 475.93228200371055 67.52968460111317 530.9322820037105 116.52968460111317
frame_026416 1 480.64293125810633 61.76199740596627 503.64293125810633 106.76199740596627
frame_026417 1 479.65919629057186 63.46986089644513 502.65919629057186 104.46986089644513
frame_026418 1 473.4188197767145 65.896331738437 523.4188197767145 115.896331738437
frame_026419 1 472.60659197921734 65.68728689722357 520.6065919792173 115.68728689722357
frame_026420 1 472.638209432454 66.03213429256594 518.638209432454 116.03213429256594
frame_026421 1 472.14012638230645 65.93775671406003 517.1401263823064 115.93775671406003
frame_026422 1 471.9846427416747 65.3053669576463 515.9846427416746 115.3053669576463
frame_026423 1 469.5124624624624 65.95390390390389 514.5124624624624 115.95390390390389
frame_026424 1 467.9167047358001 64.55017511801431 511.9167047358001 116.55017511801431
frame_026425 1 467.13508126341605 64.32597362772155 509.13508126341605 116.32597362772155
frame_026426 1 465.6328947368421 64.87134502923976 507.6328947368421 116.87134502923976
frame_026427 1 464.1472172351885 63.98204667863554 507.1472172351885 115.98204667863554
frame_026428 1 462.98725880100153 63.903814994844595 505.98725880100153 115.9038149948446
frame_026429 1 461.8240377632534 63.81713870733478 504.8240377632534 115.81713870733478
frame_026430 1 460.8849919625894 63.6963320181207 502.8849919625894 115.6963320181207
frame_026431 1 459.8341894977168 64.2605593607306 500.8341894977168 116.2605593607306
frame_026432 1 459.94838523644745 63.4838523644752 497.94838523644745 116.4838523644752
frame_026433 1 459.5975466431614 63.677831643895985 496.5975466431614 115.67783164389598
frame_026434 1 459.67402710975074 63.08373414954089 494.67402710975074 116.08373414954089
frame_026435 1 458.60516391064687 63.49811430229184 493.60516391064687 115.49811430229184
frame_026436 1 457.954672553348 62.50014716703457 491.954672553348 115.50014716703457
frame_026437 1 457.26448792055726 62.01800800355714 490.26448792055726 115.01800800355714
frame_026438 1 457.4279541052004 61.71800029801817 487.4279541052004 114.71800029801817
frame_026439 1 456.7651245551601 61.56272241992883 485.7651245551601 115.56272241992883
frame_026440 1 455.1219149568837 61.31846565566458 485.1219149568837 115.31846565566458
frame_026441 1 453.8586263165702 61.89608366711171 483.8586263165702 114.89608366711171
frame_026442 1 452.2037525652301 61.6559659923776 483.2037525652301 115.6559659923776
frame_026443 1 450.0695639701663 61.93316121629374 483.0695639701663 115.93316121629374
frame_026444 1 448.3365051903114 61.75288350634371 482.3365051903114 116.75288350634371
frame_026445 1 446.4374445430346 61.74608104111209 481.4374445430346 116.74608104111209
frame_026446 1 444.4941651705565 61.63928785158586 480.4941651705565 116.63928785158586
frame_026447 1 442.4861785031613 62.49081017497427 479.4861785031613 116.49081017497427
frame_026448 1 440.48107394366195 63.013644366197184 478.48107394366195 116.01364436619718
frame_026449 1 438.8457073021692 63.261380996028095 477.8457073021692 116.2613809960281
frame_026450 1 437.5892885313141 63.68212651837828 476.5892885313141 115.68212651837828
frame_026451 1 435.67931034482757 64.183908045977 475.67931034482757 115.183908045977
frame_026452 1 434.1091897233202 64.04726613965744 474.1091897233202 116.04726613965744
frame_026453 1 432.5066931085771 64.0545364402578 472.5066931085771 116.0545364402578
frame_026454 1 430.53128153380425 64.24066599394551 471.53128153380425 114.24066599394551
frame_026455 1 429.0703649157257 64.03992799869087 471.0703649157257 114.03992799869087
frame_026456 1 426.58584221090007 63.601590242396156 471.58584221090007 114.60159024239616
frame_026457 1 425.40377073906484 62.69245852187028 471.40377073906484 114.69245852187028
frame_026458 1 423.9313811188811 62.52753496503496 471.9313811188811 114.52753496503496
frame_026459 1 421.90891472868213 63.47079180509412 471.90891472868213 114.47079180509412
frame_026460 1 420.2940089733438 63.69398258115598 471.2940089733438 114.69398258115598
frame_026461 1 418.4673487432108 63.37362637362638 470.4673487432108 115.37362637362638
frame_026462 1 416.1596567561034 63.544839255499156 470.1596567561034 115.54483925549916
frame_026463 1 414.41529271206684 63.62652329749103 469.41529271206684 115.62652329749103
frame_026464 1 413.3024183495387 62.88955372725006 469.3024183495387 114.88955372725006
frame_026465 1 434.71687196715186 57.67767823814856 462.71687196715186 107.67767823814856
frame_026466 1 433.22278911564626 58.06575963718821 462.22278911564626 107.06575963718821
frame_026467 1 432.6158159319412 57.91105955143078 460.6158159319412 106.91105955143078
frame_026468 1 431.4611736810907 57.628828294803384 459.4611736810907 106.62882829480338
frame_026469 1 430.33149284253574 57.81697341513292 458.33149284253574 105.81697341513292
frame_026470 1 428.66002490660026 57.75155666251557 457.66002490660026 105.75155666251557
frame_026471 1 427.6951219512195 57.87120239623448 456.6951219512195 104.87120239623448
frame_026472 1 426.8354474982382 59.74994127319708 455.8354474982382 100.74994127319708
frame_026473 1 426.4083393242272 59.70105439731607 454.4083393242272 100.70105439731607
frame_026474 1 425.9585661080074 60.03933891992551 452.9585661080074 102.03933891992551
frame_026475 1 425.0907407407407 59.86805555555556 452.0907407407407 102.86805555555556
frame_026476 1 424.34833567744954 60.617909048288794 451.34833567744954 102.6179090482888
frame_026477 1 423.9284552845528 61.02833914053426 449.9284552845528 103.02833914053426
frame_026478 1 423.08082191780824 61.068036529680356 449.08082191780824 104.06803652968036
frame_026479 1 422.7765125373821 60.696112261329645 447.7765125373821 104.69611226132965
frame_026480 1 421.91047218326315 60.650070126227206 446.91047218326315 104.6500701262272
frame_026481 1 420.87542087542084 60.328042328042315 445.87542087542084 105.32804232804232
frame_026482 1 420.38561115260137 59.4882997261638 444.38561115260137 106.4882997261638
frame_026483 1 421.2416020671834 59.06847545219638 442.2416020671834 107.06847545219638
frame_026484 1 421.0298303229337 60.44252873563218 441.0298303229337 104.44252873563218
frame_026485 1 420.087367835281 60.436839176405115 440.087367835281 103.43683917640512
frame_026486 1 419.0882928192232 60.16946074322436 439.0882928192232 103.16946074322436
frame_026487 1 418.2075259758495 60.13268744734626 438.2075259758495 103.13268744734626
frame_026488 1 417.1451013996001 60.077120822622106 437.1451013996001 102.0771208226221
frame_026489 1 416.0149782135076 60.23474945533769 436.0149782135076 103.23474945533769
frame_026490 1 414.8903963820165 59.946794360202176 434.8903963820165 103.94679436020218
frame_026491 1 413.3039521580863 60.69552782111283 434.3039521580863 103.69552782111283
frame_026492 1 412.0358550039401 61.21355397951143 433.0358550039401 103.21355397951143
frame_026493 1 410.44086886564764 61.27500670421024 432.44086886564764 102.27500670421024
frame_026494 1 408.36192017259975 61.08953613807982 432.36192017259975 102.08953613807982
frame_026495 1 408.36223662884925 60.72474338195569 430.36223662884925 102.72474338195569
frame_026496 1 406.9629040805511 61.021727609962895 428.9629040805511 103.0217276099629
frame_026497 1 405.4856477889837 60.419188001034385 427.4856477889837 104.41918800103439
frame_026498 1 403.8369201339072 58.57723577235771 425.8369201339072 109.57723577235771
frame_026499 1 402.13204508856677 58.16229583620887 424.13204508856677 111.16229583620887
frame_026500 1 400.22863395530976 58.022920985947934 423.22863395530976 111.02292098594793
frame_026501 1 400.0888809353376 57.56537819136244 421.0888809353376 110.56537819136244
frame_026502 1 399.0161446953144 57.06639961155619 420.0161446953144 110.06639961155619
frame_026503 1 397.17448498386693 56.70377264829982 419.17448498386693 109.70377264829982
frame_026504 1 395.96400506970843 56.53269961977186 417.96400506970843 109.53269961977186
frame_026505 1 395.2531629227988 55.999612703330754 416.2531629227988 108.99961270333075
frame_026506 1 392.7474437627812 57.437627811860935 415.7474437627812 111.43762781186093
frame_026507 1 390.7858064516129 57.3137634408602 414.7858064516129 112.3137634408602
frame_026508 1 389.4798444853693 57.913750767341924 413.4798444853693 112.91375076734192
frame_026509 1 388.1489012117478 57.890634627233524 412.1489012117478 112.89063462723352
frame_026510 1 385.54797827398914 58.03329309997987 411.54797827398914 113.03329309997987
frame_026511 1 383.8154014743973 58.23819485953378 410.8154014743973 113.23819485953378
frame_026512 1 383.18839700828784 58.85506367495452 409.18839700828784 112.85506367495452
frame_026513 1 381.7961382113821 58.336585365853665 407.7961382113821 113.33658536585367
frame_026514 1 380.9649229521492 58.06244931062449 405.9649229521492 114.06244931062449
frame_026515 1 380.47852760736197 58.09938650306748 404.47852760736197 114.09938650306748
frame_026516 1 379.7457912457912 58.05829124579124 402.7457912457912 114.05829124579124
frame_026517 1 378.78240138708276 58.028391850888596 401.78240138708276 113.0283918508886
frame_026518 1 378.40084388185653 57.717854763491005 400.40084388185653 112.717854763491
frame_026519 1 377.5650771711587 56.92709053213545 399.5650771711587 111.92709053213545
frame_026520 1 377.32546705998027 56.26720747295968 398.32546705998027 111.26720747295968
frame_026521 1 376.16982968369825 55.87323600973235 397.16982968369825 111.87323600973235
frame_026522 1 375.5503340244183 56.16102280580512 395.5503340244183 114.16102280580512
frame_026523 1 374.1799738219895 57.09075043630017 394.1799738219895 115.09075043630017
frame_026524 1 372.8917223234163 57.65179113539769 392.8917223234163 116.65179113539769
frame_026525 1 370.518855410271 57.955656623081296 392.518855410271 117.9556566230813
frame_026526 1 368.3127371273713 58.52195121951219 392.3127371273713 118.52195121951219
frame_026527 1 367.22109025915995 59.53270777479892 391.22109025915995 118.53270777479892
frame_026528 1 366.04195432819967 60.097362365020345 390.04195432819967 118.09736236502035
frame_026529 1 364.80090893200486 59.97447998601642 388.80090893200486 117.97447998601642
frame_026530 1 364.5138050831962 60.30106052294751 386.5138050831962 117.30106052294751
frame_026531 1 363.7855504587156 59.884556574923536 384.7855504587156 116.88455657492354
frame_026532 1 362.996993385448 59.7440368811385 382.996993385448 115.7440368811385
frame_026533 1 361.82148900169204 58.317893401015226 381.82148900169204 115.31789340101523
frame_026534 1 360.6446540880503 57.574573225516616 380.6446540880503 114.57457322551662
frame_026535 1 359.5369064409967 56.66478608368594 379.5369064409967 113.66478608368594
frame_026536 1 358.89095550692923 56.65378069535619 377.89095550692923 112.65378069535619
frame_026537 1 357.12532575219143 56.372778962331196 377.12532575219143 113.3727789623312
frame_026538 1 355.3828470380194 57.039566755083996 376.3828470380194 114.039566755084
frame_026539 1 353.60361496427066 57.1851618327028 375.60361496427066 114.1851618327028
frame_026540 1 351.40307812195596 57.91398792129358 375.40307812195596 114.91398792129358
frame_026541 1 350.1678630590834 58.08614025400331 374.1678630590834 116.08614025400331
frame_026542 1 348.44444444444446 58.37460317460318 373.44444444444446 116.37460317460318
frame_026543 1 346.6956144912463 58.61535794765123 372.6956144912463 116.61535794765123
frame_026544 1 345.54512635379064 58.64431837717035 371.54512635379064 116.64431837717035
frame_026545 1 344.35942182266876 58.48563370350783 370.35942182266876 116.48563370350783
frame_026546 1 343.5748261983168 58.83223563849249 368.5748261983168 115.83223563849249
frame_026547 1 342.80098934550983 58.443112633181116 366.80098934550983 115.44311263318112
frame_026548 1 342.100998003992 57.89580838323353 365.100998003992 114.89580838323353
frame_026549 1 341.6060225846926 57.308657465495614 363.6060225846926 114.30865746549561
frame_026550 1 340.72723339822625 56.771468743240305 362.72723339822625 113.7714687432403
frame_026551 1 340.4605204127411 55.54979811574697 361.4605204127411 113.54979811574697
frame_026552 1 340.1088011088011 55.238623238623234 360.1088011088011 113.23862323862323
frame_026553 1 339.13772310660875 54.622045344910745 359.13772310660875 112.62204534491075
frame_026554 1 338.80143319463707 55.54831252889505 357.80143319463707 113.54831252889505
frame_026555 1 337.6251369712908 56.3296077142231 356.6251369712908 114.3296077142231
frame_026556 1 336.3614420062696 56.81807732497387 355.3614420062696 115.81807732497387
frame_026557 1 334.2247400431626 57.445458112615256 355.2247400431626 116.44545811261526
frame_026558 1 332.67803030303025 57.70284090909091 354.67803030303025 116.70284090909091
frame_026559 1 331.5422691879867 58.481831664812745 353.5422691879867 116.48183166481274
frame_026560 1 330.0188627665391 59.058593038090024 353.0188627665391 116.05859303809002
frame_026561 1 328.9316520467836 59.00383771929825 351.9316520467836 116.00383771929825
frame_026562 1 327.73664825046035 59.1475138121547 350.73664825046035 116.1475138121547
frame_026563 1 326.4779411764706 59.3331447963801 349.4779411764706 115.3331447963801
frame_026564 1 325.75962660443406 58.99008168028004 347.75962660443406 114.99008168028004
frame_026565 1 325.75560995512035 57.809669522643816 345.75560995512035 114.80966952264382
frame_026566 1 325.05640211640207 57.091322751322735 344.05640211640207 114.09132275132274
frame_026567 1 323.88389261744965 56.14205816554809 342.88389261744965 113.1420581655481
frame_026568 1 322.27037037037036 54.952083333333334 342.27037037037036 112.95208333333333
frame_026569 1 321.16994842944206 54.327473042662916 341.16994842944206 112.32747304266292
frame_026570 1 320.12247738343774 54.35374623057295 340.12247738343774 112.35374623057295
frame_026571 1 317.8865017361111 54.96332465277777 339.8865017361111 112.96332465277777
frame_026572 1 306.06890588021116 55.51920626251592 345.06890588021116 113.51920626251592
frame_026573 1 314.703574879227 55.905120772946844 338.703574879227 113.90512077294684
frame_026574 1 314.22165339400834 56.305271141448614 337.22165339400834 114.30527114144861
frame_026575 1 312.61235535647626 57.01194475550578 336.61235535647626 114.01194475550578
frame_026576 1 311.6722814897997 57.518809657495794 335.6722814897997 113.5188096574958
frame_026577 1 310.6187214611872 57.28443683409435 334.6187214611872 113.28443683409435
frame_026578 1 299.24480554075654 57.83297815663292 340.24480554075654 112.83297815663292
frame_026579 1 302.28417132216015 57.51862197392923 336.28417132216015 112.51862197392923
frame_026580 1 307.2505704210744 57.41215515453224 331.2505704210744 111.41215515453224
frame_026581 1 307.16004343105317 57.3957654723127 329.16004343105317 110.3957654723127
frame_026582 1 306.79958960328315 57.114683082535336 327.79958960328315 109.11468308253534
frame_026583 1 306.17072588347656 56.42812798471823 326.17072588347656 108.42812798471823
frame_026584 1 305.11185682326624 55.97849863286105 325.11185682326624 106.97849863286105
frame_026585 1 304.11545338441886 55.04827586206896 324.11545338441886 107.04827586206896
frame_026586 1 302.9575805184603 53.76918041372086 322.9575805184603 106.76918041372086
frame_026587 1 301.9158671586716 54.13554735547355 321.9158671586716 108.13554735547355
frame_026588 1 300.1596392597798 54.685640665261175 321.1596392597798 108.68564066526118
frame_026589 1 298.0366445916115 55.40176600441501 321.0366445916115 109.40176600441501
frame_026590 1 296.3318639798489 56.07094878253568 320.3318639798489 110.07094878253568
frame_026591 1 295.14496264889965 57.1127599434686 319.14496264889965 110.1127599434686
frame_026592 1 293.50830860534126 57.96399604352125 318.50830860534126 109.96399604352125
frame_026593 1 292.4456416229858 58.29897107357793 317.4456416229858 110.29897107357793
frame_026594 1 290.8026897214217 58.45936599423631 316.8026897214217 110.45936599423631
frame_026595 1 289.6114019778941 58.42078727942601 315.6114019778941 110.42078727942601
frame_026596 1 288.84219334514665 58.627781059263626 313.84219334514665 109.62778105926363
frame_026597 1 287.9308488612836 58.23457556935817 311.9308488612836 109.23457556935817
frame_026598 1 286.6922909880564 57.53452768729642 310.6922909880564 108.53452768729642
frame_026599 1 286.5582922824302 56.905700211118926 308.5582922824302 106.90570021111893
frame_026600 1 286.56970610399395 55.44498869630746 306.56970610399395 106.44498869630746
frame_026601 1 286.0483619344774 55.39131565262609 305.0483619344774 105.39131565262609
frame_026602 1 283.80300477393985 56.524852569502954 304.80300477393985 100.52485256950295
frame_026603 1 282.7809129671432 55.527464258841235 303.7809129671432 105.52746425884123
frame_026604 1 281.66207063376874 55.791243347847114 302.66207063376874 106.79124334784711
frame_026605 1 279.9552930275654 56.9142923326384 301.9552930275654 106.9142923326384
frame_026606 1 278.75160789532043 57.91383898868929 300.75160789532043 106.91383898868929
frame_026607 1 277.01988938523715 58.39342693044033 300.01988938523715 107.39342693044033
frame_026608 1 271.62235528942114 58.8 301.62235528942114 107.8
frame_026609 1 269.99979846835953 59.468964127368 300.99979846835953 107.468964127368
frame_026610 1 272.8996763754045 59.10334412081984 296.8996763754045 107.10334412081984
frame_026611 1 272.2671568627451 58.82820855614973 295.2671568627451 106.82820855614973
frame_026612 1 271.4652294853964 58.455493741307365 293.4652294853964 106.45549374130736
frame_026613 1 270.72852983988355 57.8498301795245 291.72852983988355 105.8498301795245
frame_026614 1 270.1407742584213 57.67672197083961 290.1407742584213 104.67672197083961
frame_026615 1 269.08385254413287 57.430685358255445 289.08385254413287 103.43068535825545
frame_026616 1 268.0413702239789 57.43333333333332 288.0413702239789 102.43333333333332
frame_026617 1 266.98237179487177 57.034722222222214 286.98237179487177 102.03472222222221
frame_026618 1 265.9201331114809 56.755407653910154 285.9201331114809 100.75540765391015
frame_026619 1 264.788372724803 56.86009236620484 284.788372724803 100.86009236620484
frame_026620 1 263.11033950617286 57.10699588477365 284.11033950617286 102.10699588477365
frame_026621 1 261.4418262150221 57.244231713303876 283.4418262150221 103.24423171330388
frame_026622 1 260.249766573296 58.59173669467788 282.249766573296 103.59173669467788
frame_026623 1 258.1015171798304 58.6760374832664 282.1015171798304 104.6760374832664
frame_026624 1 256.49913024570554 58.684387910415296 281.49913024570554 105.6843879104153
frame_026625 1 255.37117346938777 58.50552721088435 280.37117346938777 106.50552721088435
frame_026626 1 254.34934086629 58.81062983887841 279.34934086629 106.81062983887841
frame_026627 1 253.06996805111822 58.8451544195953 278.0699680511182 106.8451544195953
frame_026628 1 252.3000858000858 58.818532818532816 276.3000858000858 106.81853281853282
frame_026629 1 251.05235255135852 58.35476032692732 275.0523525513585 106.35476032692732
frame_026630 1 250.23264840182645 57.90867579908675 273.23264840182645 105.90867579908675
frame_026631 1 250.00012138868652 56.765477057538234 271.0001213886865 104.76547705753823
frame_026632 1 249.2536572622779 55.96421107628004 269.2536572622779 102.96421107628004
frame_026633 1 248.6258531258531 55.78842478842478 267.6258531258531 101.78842478842478
frame_026634 1 247.48079096045194 55.95706214689265 266.48079096045194 99.95706214689265
frame_026635 1 245.81184573002753 56.54435261707988 265.8118457300275 99.54435261707988
frame_026636 1 245.42522380200103 56.52264349657713 264.425223802001 101.52264349657713
frame_026637 1 243.80272108843536 56.60015117157974 263.80272108843536 102.60015117157974
frame_026638 1 241.57213578500708 57.53041018387553 263.57213578500705 103.53041018387553
frame_026639 1 239.81935047361299 58.08750563824988 262.819350473613 104.08750563824988
frame_026640 1 238.69484808454425 58.454205195948916 261.6948480845442 104.45420519594892
frame_026641 1 236.95562913907284 59.244591611479024 260.9556291390728 104.24459161147902
frame_026642 1 235.60512820512818 59.238461538461536 259.60512820512815 104.23846153846154
frame_026643 1 234.36550308008214 58.98026465890942 258.36550308008214 103.98026465890942
frame_026644 1 233.5407458563536 58.9933241252302 256.5407458563536 103.9933241252302
frame_026645 1 232.24115983026874 58.3038661008958 255.24115983026874 104.3038661008958
frame_026646 1 231.53617945007235 58.31017848528701 253.53617945007235 103.31017848528701
frame_026647 1 231.0035087719298 57.1125313283208 252.0035087719298 103.1125313283208
frame_026648 1 229.89255236617532 56.934186708042404 250.89255236617532 101.9341867080424
frame_026649 1 228.98334644636768 56.49449252557042 249.98334644636768 101.49449252557042
frame_026650 1 228.6052842273819 56.064451561249 248.6052842273819 101.064451561249
frame_026651 1 227.3924507354982 55.96877601998335 247.3924507354982 98.96877601998335
frame_026652 1 226.43315089913995 56.488141777430286 246.43315089913995 100.48814177743029
frame_026653 1 224.815683308119 56.76903681290973 245.815683308119 100.76903681290973
frame_026654 1 223.12886969042478 57.11579073674106 245.12886969042478 102.11579073674106
frame_026655 1 221.96514312096028 57.70452446906741 243.96514312096028 102.70452446906741
frame_026656 1 220.40952380952382 57.59365079365078 243.40952380952382 103.59365079365078
frame_026657 1 218.80238726790452 57.44098143236074 242.80238726790452 104.44098143236074
frame_026658 1 217.12779890156312 57.7680608365019 242.12779890156312 105.7680608365019
frame_026659 1 216.62977018764494 58.653278515707356 240.62977018764494 105.65327851570736
frame_026660 1 214.90827527971288 58.72714798395609 239.90827527971288 105.72714798395609
frame_026661 1 214.63272805879808 58.26437527021184 237.63272805879808 106.26437527021184
frame_026662 1 213.9198481803974 57.91292699263228 235.9198481803974 105.91292699263228
frame_026663 1 213.71024734982333 56.675500588928145 233.71024734982333 105.67550058892814
frame_026664 1 212.52732240437155 55.865375062096376 232.52732240437155 104.86537506209638
frame_026665 1 211.74557291666665 55.57447916666666 230.74557291666665 103.57447916666666
frame_026666 1 210.58903191204072 55.53218020917136 229.58903191204072 102.53218020917136
frame_026667 1 209.37654320987653 56.31032547699213 228.37654320987653 99.31032547699213
frame_026668 1 207.99669715447152 55.701473577235774 227.99669715447152 103.70147357723577
frame_026669 1 196.12710061689 56.6162518613061 233.12710061689 104.6162518613061
frame_026670 1 199.798459563543 57.1803594351733 229.798459563543 105.1803594351733
frame_026671 1 202.50086918730986 57.79747935680139 226.50086918730986 105.79747935680139
frame_026672 1 202.03453841187863 58.21885087153002 225.03453841187863 106.21885087153002
frame_026673 1 200.90661191829855 58.5815961255001 223.90661191829855 106.5815961255001
frame_026674 1 199.20677472984204 59.23088113050706 223.20677472984204 106.23088113050706
frame_026675 1 197.57740324594258 59.327299209321666 222.57740324594258 106.32729920932167
frame_026676 1 196.13094483195943 58.6704713591207 221.13094483195943 106.6704713591207
frame_026677 1 195.1359965073128 58.25234664920323 219.1359965073128 106.25234664920323
frame_026678 1 194.38393058372773 57.92292089249493 217.38393058372773 105.92292089249493
frame_026679 1 193.3304577869795 56.91568898090637 216.3304577869795 105.91568898090637
frame_026680 1 192.71283863368666 56.3643109540636 214.71283863368666 105.3643109540636
frame_026681 1 192.09336305101533 55.55522535908865 213.09336305101533 104.55522535908865
frame_026682 1 191.7512626262626 55.04318181818182 211.7512626262626 104.04318181818182
frame_026683 1 190.7509607993851 54.3793235972329 210.7509607993851 103.3793235972329
frame_026684 1 188.88587848932676 54.63738368910782 209.88587848932676 99.63738368910782
frame_026685 1 187.9826726502119 54.93455497382199 208.9826726502119 101.93455497382199
frame_026686 1 186.99105461393594 54.67396421845574 207.99105461393594 103.67396421845574
frame_026687 1 184.9532710280374 54.85936804628393 207.9532710280374 104.85936804628393
frame_026688 1 183.9336095177395 55.64435946462716 206.9336095177395 105.64435946462716
frame_026689 1 182.27872513195288 56.42935444579781 206.27872513195288 106.42935444579781
frame_026690 1 180.84280639431617 56.361061772251816 205.84280639431617 107.36106177225182
frame_026691 1 179.2775184753014 57.127576818358605 205.2775184753014 107.1275768183586
frame_026692 1 177.53801337153772 57.37745940783189 204.53801337153772 107.37745940783189
frame_026693 1 176.39075792730083 57.330626450116014 203.39075792730083 107.33062645011601
frame_026694 1 176.27259126271693 57.2126471174945 201.27259126271693 107.2126471174945
frame_026695 1 175.10097323600974 57.09306569343066 200.10097323600974 107.09306569343066
frame_026696 1 174.80042735042733 56.428632478632466 197.80042735042733 106.42863247863247
frame_026697 1 173.8932878270762 55.06678043230944 195.8932878270762 106.06678043230944
frame_026698 1 173.70421848329676 54.488173616191176 193.70421848329676 104.48817361619118
frame_026699 1 172.55706385118148 53.807189542483655 192.55706385118148 103.80718954248366
frame_026700 1 171.32780847145486 53.11483820047356 191.32780847145486 102.11483820047356
frame_026701 1 169.20403321470937 54.257888493475676 191.20403321470937 104.25788849347568
frame_026702 1 164.61519929916776 54.56022777047744 192.61519929916776 105.56022777047744
frame_026703 1 167.35972696245733 55.05324232081911 189.35972696245733 105.05324232081911
frame_026704 1 165.69827956989246 55.91526881720429 188.69827956989246 105.91526881720429
frame_026705 1 164.0154416306362 56.483837759934104 188.0154416306362 106.4838377599341
frame_026706 1 161.5893777249306 57.464922711058264 187.5893777249306 106.46492271105826
frame_026707 1 159.22109654350416 57.90981326976559 187.22109654350416 105.90981326976559
frame_026708 1 156.40405482581383 57.99476489624975 187.40405482581383 106.99476489624975
frame_026709 1 159.11260396673066 58.296545105566224 183.11260396673066 105.29654510556622
frame_026710 1 158.014911014911 56.82443482443482 181.014911014911 103.82443482443482
frame_026711 1 157.3936092955701 57.12333575405471 179.3936092955701 104.12333575405471
frame_026712 1 156.77818093855828 57.445815191098205 177.77818093855828 104.4458151910982
frame_026713 1 155.4581442259203 56.96696923852748 176.4581442259203 102.96696923852748
frame_026714 1 154.7158767158767 56.31468531468532 174.7158767158767 102.31468531468532
frame_026715 1 153.6813301911495 55.80282796543598 173.6813301911495 101.80282796543598
frame_026716 1 152.1788491446345 55.715914981855875 173.1788491446345 101.71591498185587
frame_026717 1 150.93076515753242 55.74132909716705 171.93076515753242 99.74132909716705
frame_026718 1 149.53814326351176 55.852081717093355 171.53814326351176 99.85208171709336
frame_026719 1 148.7072633895818 53.653460503790654 170.7072633895818 103.65346050379065
frame_026720 1 147.64854324386326 55.161849047946774 169.64854324386326 104.16184904794677
frame_026721 1 146.15626354573038 55.70567837017772 169.15626354573038 105.70567837017772
frame_026722 1 144.02769324406574 56.252891052951924 169.02769324406574 107.25289105295192
frame_026723 1 135.10804473304472 56.87229437229438 173.10804473304472 107.87229437229438
frame_026724 1 130.52756637916454 56.64755623203111 173.52756637916454 108.6475562320311
frame_026725 1 128.8648333333333 56.94133333333333 172.8648333333333 108.94133333333333
frame_026726 1 139.4814602446483 57.853019877675834 165.4814602446483 108.85301987767583
frame_026727 1 139.02926356589145 57.58701550387596 164.02926356589145 109.58701550387596
frame_026728 1 138.29134173165366 56.9113177364527 162.29134173165366 109.9113177364527
frame_026729 1 137.69949653870358 56.64600377595973 160.69949653870358 109.64600377595973
frame_026730 1 136.6323784722222 55.27842881944444 159.6323784722222 110.27842881944444
frame_026731 1 136.67099135063208 54.58593923264581 157.67099135063208 110.58593923264581
frame_026732 1 135.6676646706587 54.55023286759814 156.6676646706587 110.55023286759814
frame_026733 1 134.12435233160622 54.60470639032815 156.12435233160622 111.60470639032815
frame_026734 1 132.6234716376027 55.070354780517135 155.6234716376027 113.07035478051714
frame_026735 1 130.6306828639794 55.48398674765323 155.6306828639794 114.48398674765323
frame_026736 1 127.28773985396501 55.66208184751231 156.287739853965 115.66208184751231
frame_026737 1 129.1953503930423 56.780481685900654 153.1953503930423 115.78048168590065
frame_026738 1 127.26404853128989 56.560983397190284 153.2640485312899 117.56098339719028
