frame_005792 1 -8.738533883335052 32.986213257781486 171.26146611666496 273.9862132577815
frame_005793 1 -7.957707384657581 35.55490379659443 182.04229261534243 274.55490379659443
frame_005794 1 -7.634479688952311 33.12859517980809 192.3655203110477 273.1285951798081
frame_005795 1 -8.501300906870128 33.98697838235785 201.49869909312986 274.98697838235785
frame_005796 1 -7.251482150874324 31.646860526245092 213.74851784912568 272.64686052624506
frame_005797 1 -7.0559921487024155 31.694721773330656 223.94400785129758 272.6947217733307
frame_005798 1 -12.064640479148764 44.065488706234675 227.93535952085125 282.06548870623465
frame_005799 1 -14.915399753997548 42.924155549247814 238.08460024600245 280.9241555492478
frame_005800 1 -15.252407014368487 41.81103366049334 247.7475929856315 279.8110336604933
frame_005801 1 -14.986404142217026 40.45296408889067 258.013595857783 278.45296408889067
frame_005802 1 -14.387367878811006 38.52864056676967 268.612632121189 276.5286405667697
frame_005803 1 -14.952318508329512 37.44260736665137 279.04768149167046 276.4426073666514
frame_005804 1 -17.27427672736576 35.66522186562477 292.72572327263424 273.66522186562474
frame_005805 1 -15.4499208332644 35.139581712759906 304.5500791667356 273.1395817127599
frame_005806 1 -15.099688622119771 34.87100740681851 314.90031137788026 272.87100740681853
frame_005807 1 -15.179727122452022 35.342483840756614 324.82027287754795 272.3424838407566
frame_005808 1 -16.182055956152425 34.804985286947385 338.81794404384755 271.8049852869474
frame_005809 1 -15.103756462565713 35.159743250735715 350.8962435374343 270.1597432507357
frame_005810 1 -16.173919204940802 34.7628513698223 362.82608079505917 269.76285136982233
frame_005811 1 -12.609246032254902 31.72308067142839 381.3907539677451 267.7230806714284
frame_005812 1 -17.79464409262087 34.574761092767744 389.20535590737916 268.57476109276774
frame_005813 1 -19.7127062974011 34.81993518298947 401.2872937025989 267.81993518298947
frame_005814 1 -19.47699636375853 37.70302068374775 415.52300363624147 270.70302068374775
frame_005815 1 -14.640916240960934 30.768731053230397 434.3590837590391 265.7687310532304
frame_005816 1 -14.815911181474064 29.917186142902693 448.18408881852594 263.91718614290266
frame_005817 1 -22.4349228897988 34.81290214757249 454.5650771102012 264.81290214757246
frame_005818 1 -14.99071825421538 29.543475102227205 477.0092817457846 262.5434751022272
frame_005819 1 -16.512994177916767 31.494228764650558 489.48700582208323 262.49422876465053
frame_005820 1 -16.431159456118678 33.18308693860732 504.5688405438813 260.1830869386073
frame_005821 1 -17.789545790883523 34.0788783228804 519.2104542091165 259.0788783228804
frame_005822 1 -26.33952536785668 33.56804530071375 537.6604746321433 258.5680453007137
frame_005823 1 -19.672428385256183 35.983474089521934 550.3275716147439 259.9834740895219
frame_005824 1 -11.498297857536897 37.05469385456166 568.501702142463 259.05469385456166
frame_005825 1 -3.0697040914432137 37.69460657207691 594.9302959085568 257.6946065720769
frame_005826 1 8.552953637504459 40.24021279150281 606.5529536375045 257.2402127915028
frame_005827 1 23.771051304727393 37.86660754758924 623.7710513047274 256.86660754758924
frame_005828 1 38.78233141450693 38.04569964295257 635.7823314145069 257.04569964295257
frame_005829 1 54.76584670961978 35.22269965116135 636.7658467096198 254.22269965116135
frame_005830 1 73.25670442991327 35.48037348369485 640.2567044299133 254.48037348369485
frame_005831 1 93.60958844002732 33.96888187885597 644.6095884400273 254.96888187885597
frame_005832 1 112.41538534085214 33.55297826949467 647.4153853408521 256.5529782694947
frame_005833 1 121.1279154957848 32.84265522547838 642.1279154957848 257.8426552254784
frame_005834 1 138.1034407433184 32.47205951830608 644.1034407433184 257.4720595183061
frame_005835 1 150.4910847499981 37.42644918748485 641.4910847499981 259.4264491874849
frame_005836 1 167.77568119487267 34.77383935098126 643.7756811948727 255.77383935098126
frame_005837 1 184.5061550330393 35.151052672771385 645.5061550330392 253.15105267277139
frame_005838 1 201.0791878854139 34.66435921780743 647.0791878854138 252.66435921780743
frame_005839 1 217.03606929961148 33.90623083093473 648.0360692996114 252.90623083093473
frame_005840 1 231.23053760976086 32.383105014567775 648.2305376097609 254.38310501456778
frame_005841 1 245.24330000456553 32.1148493564601 648.2433000045655 255.1148493564601
frame_005842 1 259.34951842018563 31.758611482550947 648.3495184201856 255.75861148255095
frame_005843 1 273.7088473174869 31.378288997678027 647.708847317487 256.37828899767806
frame_005844 1 287.31646260194606 30.967059603472194 647.3164626019461 256.9670596034722
frame_005845 1 301.18934858796445 30.5359255186886 647.1893485879644 257.5359255186886
frame_005846 1 314.842660860425 30.562729934679794 646.842660860425 257.5627299346798
frame_005847 1 327.54642330210464 30.74826782614136 646.5464233021046 257.7482678261414
frame_005848 1 340.20491403052546 30.728378704587584 646.2049140305255 258.7283787045876
frame_005849 1 352.69702831319114 30.389391968228978 646.6970283131911 259.389391968229
frame_005850 1 364.8538699393274 32.0116816473672 646.8538699393274 258.0116816473672
frame_005851 1 377.28020990922846 32.18840771558246 648.2802099092285 257.18840771558246
frame_005852 1 389.4571066968401 31.882693822814502 648.4571066968401 256.88269382281453
frame_005853 1 402.0660236658084 32.23551841064821 649.0660236658084 257.2355184106482
frame_005854 1 414.7180969590812 32.39215066756833 649.7180969590812 257.39215066756833
frame_005855 1 426.59548446504584 32.74208230423773 649.5954844650458 257.7420823042377
frame_005856 1 438.7669686716325 33.84132964812909 648.7669686716325 257.8413296481291
frame_005857 1 449.47299651950266 34.84016485180456 647.4729965195027 258.84016485180456
frame_005858 1 460.82860807911175 35.46605560220169 647.8286080791117 259.46605560220166
frame_005859 1 470.52268674854804 36.450223630078995 648.522686748548 259.450223630079
